     -4.538     -4.363          8     7.50666     14.2443     0.740432     0.117445            0            0            0            0
     -4.363     -4.191          8      8.3279      20.878     0.708122      0.19024   -0.0250786   -0.0431248    0.0271621            0
     -4.191     -4.013          8     9.26638     28.7471     0.877844     0.125336   -0.0947559   -0.0504203    0.0674903            0
     -4.013     -3.839          8     9.36074     45.9267      0.85223     0.166049   -0.0415783   -0.0363909    0.0152749            0
     -3.839     -3.664          8     9.31061     34.4596      1.07964    0.0554438    -0.164718   -0.0647748    0.0827547            0
     -3.664     -3.489          8     9.05991     39.8031      1.17877    0.0062067    -0.191996   -0.0582601    0.0949962            0
     -3.489     -3.314          8     8.52586     45.8176      1.08214     0.143293   -0.0930913   -0.0529887    0.0296157            0
     -3.314     -3.139          8     8.07909     49.5676      1.50687    -0.354675   -0.0601722      0.11886   -0.0342908            0
     -3.139     -2.964          8     7.89218     72.7813       1.6966    -0.593837    -0.035625     0.186712    -0.042247            0
     -2.964     -2.853          8     8.25741     78.5915      1.62051    -0.582543  -0.00185153     0.178785   -0.0409574            0
     -2.853      -2.65          8     8.52048     103.111      2.18914      -1.5419     0.182322     0.437589    -0.140902            0
      -2.65       -2.5          8     8.62624     113.704      1.94396      -1.1759     0.110133     0.322737   -0.0980134            0
       -2.5     -2.322          8     9.07998     150.154      1.64893    -0.853245     0.100438     0.222921   -0.0682517            0
     -2.322     -2.172          8     9.14678     153.851      1.39508    -0.549111    0.0680088      0.15115   -0.0467772            0
     -2.172     -2.043          8     15.2949     204.024      1.23044    -0.331412    0.0414969    0.0947674   -0.0288999            0
     -2.043      -1.93          8      9.2558     201.341      1.17048    -0.215556    0.0203509    0.0629531   -0.0181092            0
      -1.93      -1.83          8      9.3145     198.879      1.05418   -0.0412217   -0.0114924    0.0254412  -0.00562831            0
      -1.83      -1.74          8     9.14477     201.764      1.17264    -0.170533   0.00857566    0.0479038   -0.0133346            0
      -1.74     -1.653          8      9.2613     201.789      1.04523  -0.00801232   -0.0197405    0.0131978  -0.00171805            0
     -1.653     -1.566          8     9.25363     207.071      1.05245    0.0121128   -0.0325677   0.00541441   0.00177834            0
     -1.566     -1.479          8     9.12347     281.544      1.21076    -0.188196  -0.00160487    0.0420171  -0.00937085            0
     -1.479     -1.392          8     8.97283     318.448      1.19969    -0.151609   -0.0115759    0.0322057  -0.00610686            0
     -1.392     -1.305          8     8.89061     310.442      1.12273   -0.0412197   -0.0280814    0.0119566 -5.16276e-05            0
     -1.305     -1.218          8     8.91391     294.314      1.09473   -0.0181711   -0.0253981   0.00939783  6.80971e-05            0
     -1.218     -1.131          8     9.11787     304.969       1.1281   -0.0766409   -0.0133517    0.0210256  -0.00377839            0
     -1.131     -1.044          8     9.13002     353.352      1.10655   -0.0654753   -0.0111333    0.0166063  -0.00272109            0
     -1.044     -0.957          8     9.18607     428.873         1.08   -0.0530481   -0.0106619    0.0144265   -0.0022674            0
     -0.957     -0.879          8     9.20359     447.017      1.09726   -0.0927442   -0.0025213    0.0215091  -0.00445131            0
     -0.879     -0.783          8     9.36963     387.441      1.00083    0.0204883   -0.0196658    0.0024044  0.000949741            0
     -0.783     -0.696          8      9.4208     413.545     0.970079    0.0449987   -0.0221578  -0.00136691   0.00195104            0
     -0.696     -0.609          8     9.47101     429.384     0.924922    0.0966949   -0.0273122   -0.0100284   0.00403924            0
     -0.609     -0.522          8     9.61692     431.568     0.968325    0.0193344  -0.00871301   0.00414385 -0.000668777            0
     -0.522     -0.435          8     9.60614     445.003     0.941817     0.057152   -0.0174083  -0.00234316   0.00156723            0
     -0.435     -0.348          8     9.60383     450.988     0.930944     0.065882    -0.017998  -0.00383309   0.00190018            0
     -0.348     -0.261          8     9.64656     422.083     0.925048     0.060132    -0.011355  -0.00236891  0.000726867            0
     -0.261     -0.174          8     9.65441      449.55     0.917454    0.0632677   -0.0119959  -0.00247509  0.000947768            0
     -0.174     -0.087          8     9.68432     618.052     0.864822     0.134049   -0.0249388   -0.0141813    0.0044362            0
     -0.087          0          8     9.61312     437.979     0.885539     0.107811   -0.0198907  -0.00913707   0.00283222            0
          0      0.087          8     9.72373     651.479     0.811855     0.199001   -0.0346336   -0.0238543   0.00706601            0
      0.087      0.174          8     9.76594     422.176     0.934647    0.0436275    -0.008932   0.00101237  -6.3911e-05            0
      0.174      0.261          8     9.66854     654.552     0.882027     0.117925   -0.0234671   -0.0117206   0.00387676            0
      0.261      0.348          8     9.68438     661.912     0.888797       0.1169   -0.0247167   -0.0118514    0.0040164            0
      0.348      0.435          8      9.5876     424.832       0.8803     0.128886   -0.0254102   -0.0146343   0.00461722            0
      0.435      0.522          8     9.60638     422.941     0.900823     0.103021   -0.0228814  -0.00944106    0.0033645            0
      0.522      0.609          8     9.49298     432.068     0.920069     0.097911    -0.026346  -0.00978266   0.00395188            0
      0.609      0.696          8     9.44371     432.968     0.966198    0.0399292   -0.0169756 -0.000331461   0.00110443            0
      0.696      0.783          8     9.42282      547.39     0.986962    0.0258291   -0.0176165   0.00112347   0.00109997            0
      0.783      0.879          8     9.46286     403.249      1.02563   -0.0139641   -0.0122328   0.00838528  -0.00105451            0
      0.879      0.957          8     9.31215     447.323      1.02226    0.0205259   -0.0263994   0.00174679   0.00187792            0
      0.957      1.044          8     9.24548     454.622      1.01506    0.0477808    -0.032877  -0.00292422   0.00345185            0
      1.044      1.131          8     9.07515     305.211      1.10734    -0.052301   -0.0186678    0.0153645  -0.00200404            0
      1.131      1.218          8     8.90795      421.51       1.1155   -0.0450545   -0.0203736    0.0124007 -0.000746053            0
      1.218      1.305          8     8.84743     314.334      1.12462    -0.038068   -0.0282299    0.0125746 -0.000118444            0
      1.305      1.392          8     8.94074     321.754      1.08279    0.0260907    -0.041111  -0.00195529   0.00424393            0
      1.392      1.479          8     8.91629     307.055      1.18651    -0.117832   -0.0219225    0.0254023  -0.00341365            0
      1.479      1.566          8     9.09406     273.649      1.20391    -0.161818  -0.00995011     0.036381  -0.00716523            0
      1.566      1.653          8     9.11368     290.123      1.12994   -0.0762364   -0.0169259    0.0209311  -0.00327784            0
      1.653       1.74          8     9.10413     281.608      1.13288   -0.0909387   -0.0135779    0.0258676  -0.00466746            0
       1.74       1.83          8     9.00156     199.267      1.06871   -0.0164806     -0.02224    0.0147623  -0.00163751            0
       1.83       1.93          8      9.0131     200.908      1.15356    -0.153249   0.00741274    0.0466291   -0.0127408            0
       1.93      2.043          8     9.02839     193.229      1.21328    -0.252196    0.0249941    0.0692236   -0.0201142            0
      2.043      2.172          8     9.14952      196.94      1.23781    -0.319349    0.0430343    0.0865628   -0.0264689            0
      2.172      2.322          8     9.10013     191.278      1.44909    -0.589801    0.0756091     0.145448   -0.0438421            0
      2.322        2.5          8     8.98734      150.24      1.66216    -0.856019     0.103319     0.220849   -0.0681152            0
        2.5       2.65          8      8.6001     115.159      2.07633     -1.40681     0.164609     0.386915    -0.122943            0
       2.65      2.853          8     8.51377     108.329      2.04815     -1.35806      0.16072     0.389791    -0.125382            0
      2.853      2.964          8     8.22962      81.797      1.55662    -0.498078  -0.00857268      0.15409   -0.0359838            0
      2.964      3.139          8      8.1247     57.0031      1.78329     -0.76239  -0.00587846      0.25569   -0.0598683            0
      3.139      3.314          8     8.16981     82.1063      1.44681    -0.315351   -0.0444864    0.0934069    -0.024022            0
      3.314      3.489          8      8.5185     60.9345      1.05256     0.156834   -0.0660278   -0.0437568    0.0118299            0
      3.489      3.664          8     8.97282     50.3186      1.06028     0.106671     -0.10905   -0.0525284     0.035827            0
      3.664      3.839          8      9.0441     37.6486      1.11085    0.0336151    -0.181773   -0.0642524    0.0921661            0
      3.839      4.013          8     9.27149     28.2498      1.29254   -0.0920195    -0.355778    -0.113959     0.224339            0
      4.013      4.191          8     8.90235     20.6145     0.989666     0.114523    -0.170401   -0.0986721     0.117187            0
      4.191      4.363          8     8.44594     21.1438     0.806229     0.277384    0.0130642   -0.0642063   -0.0444809            0
      4.363      4.538          8     7.17151     14.0082     0.742307     0.115711            0            0            0            0
      4.538      4.716          8      5.5822     14.1484     0.750506      0.10865            0            0            0            0
