     -4.889     -4.538          8     5.38668     13.5551      0.78653    0.0867251            0            0            0            0
     -4.538     -4.363          8      8.1601     14.4878     0.775159    0.0970477            0            0            0            0
     -4.363     -4.191          8      8.4352     21.1284     0.736347     0.188416   -0.0351947   -0.0485128    0.0309172            0
     -4.191     -4.013          8      9.2103     28.7471      1.05414    0.0658353    -0.183934   -0.0794436     0.110687            0
     -4.013     -3.839          8      9.5129     45.9267     0.919736     0.133658   -0.0758949   -0.0415835    0.0346073            0
     -3.839     -3.664          8     9.40865     34.4596      1.12925    0.0498556    -0.180913   -0.0723566    0.0870486            0
     -3.664     -3.489          8     9.19014     43.9269     0.923571     0.192141   -0.0334884   -0.0422892  0.000936229            0
     -3.489     -3.314          8     8.77724     64.8377      1.18639   -0.0833874   -0.0221778    0.0528839   -0.0238101            0
     -3.314     -3.139          8     8.37187     49.5676      1.20823     0.123172    -0.112724   -0.0575547    0.0259186            0
     -3.139     -2.964          8     8.03165     72.7813      1.62215    -0.474908   -0.0390083     0.151788   -0.0376688            0
     -2.964     -2.853          8     8.57206     79.2151      1.53747    -0.476324  -0.00170477      0.15315   -0.0381718            0
     -2.853      -2.65          8     8.73541     103.111      2.12706     -1.43399     0.159178     0.408266    -0.130017            0
      -2.65       -2.5          8      8.8588      113.66      1.88298     -1.07663    0.0885733     0.297587   -0.0886264            0
       -2.5     -2.322          8     9.30533     150.251      1.57277    -0.739512    0.0809152     0.195821   -0.0592709            0
     -2.322     -2.172          8     9.44266     154.042      1.42875    -0.577328    0.0672685     0.157186   -0.0481804            0
     -2.172     -2.043          8     9.61122     204.109      1.29631    -0.406134    0.0541271     0.105513   -0.0321066            0
     -2.043      -1.93          8     9.43076     201.415      1.16978    -0.196721    0.0112866    0.0584989   -0.0159417            0
      -1.93      -1.83          8     9.48162     200.063      1.07524   -0.0395207   -0.0203084    0.0232281  -0.00387737            0
      -1.83      -1.74          8     9.33753     201.465      1.14449    -0.119102  -0.00337019    0.0361526  -0.00911339            0
      -1.74     -1.653          8     9.43113     201.699      1.05131    0.0101781   -0.0299817   0.00754283   0.00101646            0
     -1.653     -1.566          8     9.37694     207.264      1.03578     0.045169    -0.040382  -0.00241417   0.00457515            0
     -1.566     -1.479          8     9.33216     301.577      1.19881    -0.171158  -0.00481511    0.0389348  -0.00833697            0
     -1.479     -1.392          8     9.34897     309.204      1.11205   -0.0342681   -0.0308516    0.0101561  0.000609369            0
     -1.392     -1.305          8     9.24349     311.413       1.0716    0.0264323    -0.039338 -0.000802749   0.00386624            0
     -1.305     -1.218          8     9.13685     296.207      1.09643   -0.0156105   -0.0268532    0.0088002  0.000355759            0
     -1.218     -1.131          8     9.33699     302.634      1.06794   0.00240023   -0.0265215   0.00610728  0.000847635            0
     -1.131     -1.044          8     9.32088     353.352      1.11586   -0.0742692   -0.0104829    0.0181395  -0.00311429            0
     -1.044     -0.957          8     9.46919     429.076      1.04117   0.00477774   -0.0230059   0.00475663  0.000884661            0
     -0.957     -0.879          8     9.46891     447.057      1.09066   -0.0805052  -0.00551127    0.0196021  -0.00383179            0
     -0.879     -0.783          8     9.61289     387.747      1.01288   0.00914719   -0.0189766    0.0043277  0.000489168            0
     -0.783     -0.696          8     9.65686     413.545      1.02356   -0.0193622   -0.0118451   0.00947062  -0.00129234            0
     -0.696     -0.609          8     9.74355     429.365     0.963316    0.0498927   -0.0195456  -0.00222573   0.00167775            0
     -0.609     -0.522          8     9.90381     431.568     0.949689    0.0466369   -0.0144177  -0.00042277   0.00078612            0
     -0.522     -0.435          8     9.77783     444.139     0.968201    0.0246641    -0.013347   0.00345773  1.96042e-05            0
     -0.435     -0.348          8     9.86245     450.988     0.921455    0.0761333   -0.0192752   -0.0053671   0.00228635            0
     -0.348     -0.261          8     9.95219     422.083     0.885829      0.10769   -0.0200973  -0.00922559   0.00283287            0
     -0.261     -0.174          8     9.98051     444.158     0.885689      0.10592   -0.0208136  -0.00912406   0.00308546            0
     -0.174     -0.087          8     9.86007     618.052     0.895149    0.0988548   -0.0204943  -0.00795727   0.00269304            0
     -0.087          0          8     9.93887     435.366     0.848708     0.153137   -0.0266849   -0.0177049   0.00540208            0
          0      0.087          8     10.0072     651.479     0.824322     0.181955   -0.0319245   -0.0209799   0.00626183            0
      0.087      0.174          8     10.0261     422.176     0.882259     0.107864   -0.0198059  -0.00909369   0.00292081            0
      0.174      0.261          8      9.9496     655.211     0.874961     0.121811   -0.0228418   -0.0119023   0.00377073            0
      0.261      0.348          8     9.92765     661.912     0.901848    0.0980645   -0.0217072  -0.00812016   0.00292428            0
      0.348      0.435          8     9.86546     424.832     0.836802     0.182081   -0.0340514   -0.0235446   0.00728794            0
      0.435      0.522          8     9.85743     422.941     0.957306    0.0356522   -0.0125505   0.00140511  0.000222491            0
      0.522      0.609          8     9.77546     432.011     0.915249     0.100083   -0.0255822  -0.00983108   0.00382489            0
      0.609      0.696          8     9.60156     432.932      0.94749    0.0693082   -0.0233542  -0.00541715   0.00274868            0
      0.696      0.783          8     9.67888      547.39      1.00608   0.00589866   -0.0153887   0.00433715  0.000249237            0
      0.783      0.879          8      9.6393     403.926      1.04926   -0.0460144  -0.00609779    0.0140787  -0.00288283            0
      0.879      0.957          8     9.62447     447.323     0.988676    0.0661575   -0.0348917  -0.00564365   0.00414066            0
      0.957      1.044          8     9.45726     454.622      1.07377   -0.0247139   -0.0205967   0.00909751 -0.000210382            0
      1.044      1.131          8     9.34972     305.601      1.07963   -0.0139052   -0.0253192   0.00803541  0.000259522            0
      1.131      1.218          8     9.16166      421.51      1.05617    0.0297504   -0.0317939 -0.000172604   0.00281365            0
      1.218      1.305          8     9.04231     314.434      1.11759   -0.0342588   -0.0270952    0.0123913 -0.000289259            0
      1.305      1.392          8     9.12806     321.606      1.07354    0.0350119   -0.0408095  -0.00345251   0.00445557            0
      1.392      1.479          8     9.16886     307.108      1.19294    -0.117759   -0.0252797     0.025531  -0.00301997            0
      1.479      1.566          8     9.26432     277.951      1.16477    -0.106151   -0.0206039    0.0257632   -0.0036778            0
      1.566      1.653          8     9.39667     290.123      1.07789  -0.00286644   -0.0292737   0.00663859   0.00111817            0
      1.653       1.74          8     9.36318     281.608      1.12267   -0.0634406   -0.0221714    0.0201528  -0.00244748            0
       1.74       1.83          8      9.3008     199.824      1.02599    0.0562524   -0.0382433  -0.00188853   0.00423306            0
       1.83       1.93          8     9.18404     200.736      1.17688    -0.168035   0.00483899    0.0491047    -0.012913            0
       1.93      2.043          8     9.21651     193.311      1.24375    -0.279616    0.0256787    0.0745223   -0.0213889            0
      2.043      2.172          8     9.35659      196.94      1.30858    -0.396683    0.0488962     0.102966   -0.0309011            0
      2.172      2.322          8     9.30648     191.278      1.41721    -0.531837     0.061224     0.132912   -0.0392594            0
      2.322        2.5          8     9.15891     151.213      1.63129    -0.802693    0.0927958     0.207501   -0.0636086            0
        2.5       2.65          8     8.94436     115.291        1.861     -1.07216     0.103186     0.297704   -0.0913816            0
       2.65      2.853          8     8.72989     108.329      2.03506     -1.31811     0.148541       0.3785    -0.120765            0
      2.853      2.964          8     8.55227      81.797      1.48894    -0.415305  -0.00683693      0.13586   -0.0346484            0
      2.964      3.139          8     8.27035     57.0031       1.9075    -0.892949   -0.0136988     0.291177   -0.0663348            0
      3.139      3.314          8     8.48703     82.1063      1.38406    -0.214252   -0.0495183    0.0643067   -0.0202345            0
      3.314      3.489          8     8.69338     60.9345      1.05205     0.167047   -0.0614391   -0.0450656   0.00808848            0
      3.489      3.664          8     9.10933     50.3186     0.995426     0.148886   -0.0724084   -0.0470376    0.0193314            0
      3.664      3.839          8      9.2098     36.7334      1.01548     0.115863    -0.111615     -0.05913    0.0454908            0
      3.839      4.013          8     9.43574     28.3245      0.70009     0.303972    0.0747219   -0.0325774   -0.0682704            0
      4.013      4.191          8     9.00389     20.6109     0.997812     0.131453    -0.160439    -0.101295     0.103606            0
      4.191      4.363          8     8.62515     21.3092     0.631722     0.385983      0.15461   -0.0242027    -0.140915            0
      4.363      4.538          8     7.88823     13.9354     0.776769    0.0954715            0            0            0            0
      4.538      4.716          8     6.33141     14.2474     0.781836    0.0911858            0            0            0            0
