     -4.716     -4.538          8     5.69301     12.1718     0.711382       0.1372            0            0            0            0
     -4.538     -4.363          8     7.26977     19.0181      0.62203     0.393727     0.163219   -0.0217198    -0.148055            0
     -4.363     -4.191          8     8.13285     21.4313     0.682554     0.194454   -0.0116539   -0.0359496    0.0191687            0
     -4.191     -4.013          8      9.1308      29.595     0.498726     0.392523     0.185107  -0.00816494    -0.138011            0
     -4.013     -3.839          8     9.22238     39.1771       0.7841     0.203478  -0.00608458   -0.0344721  -0.00677879            0
     -3.839     -3.664          8     9.26208     35.1387       1.0273    0.0665208    -0.146779   -0.0586869    0.0768076            0
     -3.664     -3.489          8     9.11139     40.9091     0.919399     0.163778    -0.049305   -0.0405301    0.0150787            0
     -3.489     -3.314          8      8.6608     68.0619     0.646295     0.591605   -0.0178889    -0.155071    0.0108654            0
     -3.314     -3.139          8       8.077     51.5278      1.63212    -0.540017   -0.0576393     0.180489   -0.0437686            0
     -3.139     -2.964          8     7.87238     69.5675      1.66318    -0.557202   -0.0316806     0.175672   -0.0434135            0
     -2.964     -2.853          8     8.37078     80.7869      1.60334    -0.578723   0.00365564     0.177806    -0.043952            0
     -2.853      -2.65          8     8.48242     99.3266      2.05895     -1.33007     0.139385     0.373369    -0.117196            0
      -2.65       -2.5          8      8.7276     116.436      1.71516    -0.841904    0.0566311     0.230264   -0.0665001            0
       -2.5     -2.322          8      9.1024     151.912      1.66341    -0.880796     0.105083     0.229021   -0.0702876            0
     -2.322     -2.172          8     9.20821     155.223      1.39026    -0.547449    0.0677556     0.149812   -0.0464262            0
     -2.172     -2.043          8     9.29921     204.208      1.30431    -0.419465    0.0559796     0.107116   -0.0326103            0
     -2.043      -1.93          8     9.37839     207.066      1.06929   -0.0698266   -0.0115726    0.0322782  -0.00722988            0
      -1.93      -1.83          8     9.38384     202.506     0.942676     0.109921   -0.0328135   -0.0138217   0.00672323            0
      -1.83      -1.74          8     9.34277     205.054      1.07323   -0.0871446   0.00584873    0.0328695  -0.00992993            0
      -1.74     -1.653          8     9.39195     203.282       1.0004    0.0461469   -0.0331432   0.00184224   0.00258104            0
     -1.653     -1.566          8     9.35129     209.438     0.943748     0.159121   -0.0631776   -0.0255474    0.0126948            0
     -1.566     -1.479          8      9.2699     305.206       1.0627   -0.0146934    -0.028365   0.00977906  0.000365076            0
     -1.479     -1.392          8      9.1358     301.576       1.1722     -0.14412  -0.00706734    0.0325009  -0.00689412            0
     -1.392     -1.305          8     8.98301     310.773      1.16812    -0.107419   -0.0170964    0.0246244  -0.00403928            0
     -1.305     -1.218          8     9.02105     297.226      1.19075    -0.139935  -0.00984824    0.0328364  -0.00659234            0
     -1.218     -1.131          8      9.1555      309.77      1.04084    0.0312449   -0.0313596  0.000987979   0.00241694            0
     -1.131     -1.044          8     9.08398      353.94       1.0879   -0.0346487   -0.0195559    0.0113109 -0.000777592            0
     -1.044     -0.957          8     9.31776     431.057      1.04606    -0.017504   -0.0146952   0.00914825 -0.000950107            0
     -0.957     -0.879          8     9.27906      437.83      1.05834   -0.0333064   -0.0142268    0.0113518  -0.00139049            0
     -0.879     -0.783          8     9.47641     385.656      1.03226   -0.0146737   -0.0161409   0.00871915 -0.000697317            0
     -0.783     -0.696          8     9.51655     414.824     0.972316    0.0493252   -0.0254146     -0.00178   0.00231481            0
     -0.696     -0.609          8     9.67925       433.8     0.909255     0.102565   -0.0240796  -0.00979486   0.00343352            0
     -0.609     -0.522          8     9.61985     436.226     0.976299    0.0184488   -0.0120659   0.00433837 -0.000372393            0
     -0.522     -0.435          8     9.68042     440.076     0.937555    0.0562692   -0.0152952   -0.0015729   0.00107959            0
     -0.435     -0.348          8     9.79972     452.065      0.99007   -0.0118108   -0.0037539   0.00962859  -0.00230997            0
     -0.348     -0.261          8     9.73061     422.495     0.920777    0.0653886    -0.012349   -0.0029961  0.000924087            0
     -0.261     -0.174          8     9.72947     582.732     0.895481    0.0988461   -0.0202415  -0.00787377   0.00270759            0
     -0.174     -0.087          8     9.81278      622.59     0.888095     0.103506   -0.0183615  -0.00796687   0.00216931            0
     -0.087          0          8     9.72917     435.682      0.88816     0.106709   -0.0205357  -0.00916146   0.00298103            0
          0      0.087          8     9.84015     652.205     0.833371     0.168479   -0.0290463   -0.0185462   0.00547863            0
      0.087      0.174          8     9.79789     428.646     0.922315    0.0671677    -0.015195  -0.00300759   0.00132769            0
      0.174      0.261          8     9.69017     655.804      0.86706     0.124482   -0.0212666   -0.0118757   0.00354309            0
      0.261      0.348          8     9.81097     662.784     0.903543    0.0980498     -0.02175  -0.00813564   0.00289395            0
      0.348      0.435          8     9.75338     427.815     0.900365     0.104205   -0.0225891  -0.00951407   0.00320773            0
      0.435      0.522          8     9.76478     420.694     0.943453    0.0543589   -0.0158809  -0.00160971   0.00112788            0
      0.522      0.609          8     9.51192     429.697     0.920446    0.0978966   -0.0263561  -0.00979774   0.00393871            0
      0.609      0.696          8     9.48999     429.423     0.986573    0.0316139   -0.0204315  0.000760565   0.00124243            0
      0.696      0.783          8      9.4699      548.16      1.01443   -0.0089477   -0.0111113   0.00678881 -0.000683756            0
      0.783      0.879          8     9.42917     410.616      1.02453  -0.00875736   -0.0136681   0.00755657 -0.000814876            0
      0.879      0.957          8     9.48875     432.074      0.94435     0.114614   -0.0393891   -0.0137986   0.00609398            0
      0.957      1.044          8     9.30104     416.688      1.06678   -0.0190657   -0.0214879   0.00856498 -5.15301e-05            0
      1.044      1.131          8     9.13629     305.094     0.975067     0.098174   -0.0361246   -0.0131586    0.0059261            0
      1.131      1.218          8     9.00783      421.51       1.1002   -0.0382281   -0.0175564    0.0116406  -0.00107585            0
      1.218      1.305          8     9.02912     318.684      1.01394    0.0907846   -0.0429494   -0.0139692   0.00732657            0
      1.305      1.392          8      9.0131     327.802      1.07467    0.0372871   -0.0461879  -0.00378843   0.00519207            0
      1.392      1.479          8     9.05223     312.538      1.13207   -0.0529893   -0.0340216    0.0138539  0.000321779            0
      1.479      1.566          8     9.20516     277.027      1.10983    -0.064588   -0.0216895    0.0191559  -0.00232632            0
      1.566      1.653          8     9.34877     295.062      1.05321   0.00765729   -0.0288038   0.00555046   0.00120652            0
      1.653       1.74          8     9.20795     288.723     0.984428     0.092761   -0.0391096   -0.0132257   0.00696757            0
       1.74       1.83          8     9.26562     201.266      1.05706  -0.00688597   -0.0275139     0.013237 -0.000685107            0
       1.83       1.93          8      9.0917      203.01      1.14766    -0.141462  -0.00101597    0.0442336   -0.0110877            0
       1.93      2.043          8     9.14062     193.483      1.19185    -0.217674    0.0157241     0.061112    -0.017189            0
      2.043      2.172          8     9.23027     197.584      1.27844    -0.350609    0.0382045    0.0913663   -0.0268559            0
      2.172      2.322          8     9.15993     195.941      1.36994     -0.46787    0.0504789     0.118084   -0.0344077            0
      2.322        2.5          8     8.99567     154.191      1.60018    -0.766222    0.0888015     0.197197   -0.0605667            0
        2.5       2.65          8     8.69271     116.039      1.81593    -0.998033    0.0875689     0.273594   -0.0823453            0
       2.65      2.853          8     8.65212     110.571       1.9527     -1.21178     0.136748     0.344269    -0.109942            0
      2.853      2.964          8     8.25681     80.1131      1.62453    -0.605617 -0.000384129     0.183932    -0.044635            0
      2.964      3.139          8      8.0879     62.6144      1.81599      -0.7466   -0.0348632     0.232884   -0.0536624            0
      3.139      3.314          8     8.28747     83.0481      1.33974    -0.212686   -0.0334839     0.072255   -0.0236998            0
      3.314      3.489          8     8.52328     59.2316      1.21711    -0.164548    -0.016647    0.0827199   -0.0301461            0
      3.489      3.664          8     9.04907     47.0351      1.08107    0.0820146    -0.128132   -0.0543809    0.0481646            0
      3.664      3.839          8     9.10824     23.0947     0.939616     0.157745   -0.0943944   -0.0719113    0.0435725            0
      3.839      4.013          8     9.38058     27.8496     0.787427     0.205362   -0.0167766   -0.0437321   0.00154621            0
      4.013      4.191          8     8.78336     23.4383      1.39806    -0.174972    -0.459048    -0.143205     0.311407            0
      4.191      4.363          8     8.13221     20.9221     0.280254     0.584082     0.416245    0.0448429    -0.329883            0
      4.363      4.538          8     7.48623     14.4264     0.708913     0.139678            0            0            0            0
      4.538      4.716          8     5.59545     11.6033     0.711689     0.136836            0            0            0            0
