     -4.889     -4.716          8     3.34812     9.07138     -0.17488     0.464009            0            0            0            0
     -4.716     -4.538          8     4.52195      9.6118    -0.165825     0.454102            0            0            0            0
     -4.538     -4.363          8     5.51066     12.8096    -0.155739     0.442183            0            0            0            0
     -4.363     -4.191          8     6.48534      19.169     0.024213     0.326745     0.276513    0.0523675    -0.193592            0
     -4.191     -4.013          8     7.35148     20.2498      0.04703     0.254178     0.202047    0.0476053    -0.108537            0
     -4.013     -3.839          8     7.67941     37.2517     0.208571     0.140359    0.0672027    0.0155636   -0.0120707            0
     -3.839     -3.664          8     7.97662     33.8702     0.284171    0.0946127     0.022794    0.0096214    0.0148881            0
     -3.664     -3.489          8     8.03265     40.8503     0.175312     0.186598       0.1006    0.0171659   -0.0323723            0
     -3.489     -3.314          8     7.57619     66.2134     -0.13764     0.739744    0.0468375    -0.175075    0.0219201            0
     -3.314     -3.139          8     7.07982      47.319     0.131582     0.551934   -0.0136809    -0.152072    0.0460942            0
     -3.139     -2.964          8     6.21117     62.3917     0.370806     0.406056   -0.0588473    -0.107913    0.0589401            0
     -2.964     -2.853          8     5.76803     72.1867     0.342072     0.532178   -0.0628171    -0.129169    0.0518408            0
     -2.853      -2.65          8     5.43302     92.1412     0.673139     0.111171   -0.0585119   -0.0177305    0.0229584            0
      -2.65       -2.5          8     5.21501     102.392   0.00758746      2.39615     -2.70698      1.29013    -0.214709            0
       -2.5     -2.322          8     5.17158     129.306     0.697976     0.190108   -0.0737998   -0.0361725    0.0241282            0
     -2.322     -2.172          8     4.90865     133.817     0.674735     0.336749    -0.113324    -0.073828    0.0365571            0
     -2.172     -2.043          8     4.84313     173.231    -0.302365      3.51616     -3.56305      1.50432    -0.224436            0
     -2.043      -1.93          8     4.67621      177.16    -0.770453      4.99655     -4.96853      2.04914    -0.299559            0
      -1.93      -1.83          8     4.51876      170.95    -0.514281      4.42388     -4.41237      1.81985    -0.266286            0
      -1.83      -1.74          8     4.31008     168.533     0.210047      2.84435     -3.04374      1.29939    -0.195239            0
      -1.74     -1.653          8     4.22556     166.261    -0.483971      4.68538     -4.70083      1.92443    -0.279556            0
     -1.653     -1.566          8     4.20642     257.929    -0.338767      4.14809     -4.01996      1.57698    -0.218418            0
     -1.566     -1.479          8     4.30821      247.78    -0.273357      3.92733     -3.73646      1.44505     -0.19814            0
     -1.479     -1.392          8     4.23918       254.7     -0.38485       4.4338     -4.28276      1.67473    -0.231298            0
     -1.392     -1.305          8     4.08181     259.382   -0.0572589      3.47188     -3.33136      1.29195     -0.17748            0
     -1.305     -1.218          8     4.09748     242.329    -0.696541      5.11967     -4.83582      1.86698    -0.254825            0
     -1.218     -1.131          8     4.24819     257.296   -0.0259335      3.28639     -3.15875      1.23391    -0.170603            0
     -1.131     -1.044          8     4.27941     332.225   0.00318812      3.12175     -2.96386       1.1393    -0.154259            0
     -1.044     -0.957          8     4.31286     394.352      0.51698      1.59383     -1.50025     0.564991   -0.0749378            0
     -0.957     -0.879          8     4.43293     396.965      0.30619      2.16229     -2.05316     0.783784    -0.104809            0
     -0.879     -0.783          8     4.51559     333.999    -0.173283       3.1246     -2.79542      1.03724    -0.136749            0
     -0.783     -0.696          8     4.65717     370.876     -0.12077      2.98417     -2.71483      1.02181    -0.135734            0
     -0.696     -0.609          8     4.65601     366.272    -0.210719      3.00206      -2.6117     0.951874     -0.12342            0
     -0.609     -0.522          8     4.90521     384.128    -0.415216      3.36979     -2.87657      1.03608    -0.132733            0
     -0.522     -0.435          8     5.01373     387.918    -0.225149      2.81249     -2.35127     0.835151    -0.105962            0
     -0.435     -0.348          8     5.11416     383.523    -0.193211      2.60736     -2.11597     0.737041   -0.0922036            0
     -0.348     -0.261          8      5.2377      368.96    -0.286821      2.82261     -2.30373      0.80686    -0.101372            0
     -0.261     -0.174          8     5.24732     380.302    -0.536427      3.34639     -2.70853     0.938733    -0.116421            0
     -0.174     -0.087          8     5.15516     570.515     -0.16586      2.48459     -1.99958     0.689233   -0.0844902            0
     -0.087          0          8     5.25176         381    -0.403017      3.00632     -2.41828     0.837111    -0.103923            0
          0      0.087          8     5.26991     607.506    -0.378673      2.93038     -2.32899     0.791508   -0.0956295            0
      0.087      0.174          8     5.24833     394.523    -0.238997      2.68269     -2.18746     0.766177   -0.0961556            0
      0.174      0.261          8     5.27461     576.399    -0.222092      2.58499     -2.04596      0.69353    -0.083817            0
      0.261      0.348          8     5.15912     577.083    -0.260439      2.72647     -2.18209     0.744873   -0.0904719            0
      0.348      0.435          8     5.11906      377.15    -0.263385      2.86308     -2.38169     0.843907    -0.106943            0
      0.435      0.522          8     4.97215     367.909    -0.117911      2.62785     -2.24343     0.811695    -0.104739            0
      0.522      0.609          8     4.75884     367.457   -0.0396211      2.52174     -2.19117      0.80254    -0.104607            0
      0.609      0.696          8     4.74696     481.965   -0.0980841      2.83825     -2.52843     0.930871    -0.120483            0
      0.696      0.783          8     4.67838     358.701   -0.0430183      2.65629     -2.33825     0.859459    -0.112346            0
      0.783      0.879          8     4.51636     365.137    -0.370389      3.59217     -3.18792      1.17341    -0.153077            0
      0.879      0.957          8     4.42881     319.265    -0.157419      3.22245     -2.93948      1.10415    -0.147134            0
      0.957      1.044          8     4.19511     377.035   -0.0823885      3.30381     -3.12959       1.1988    -0.161145            0
      1.044      1.131          8     4.16956     253.489   0.00315686      3.18482      -3.0834      1.21208    -0.168548            0
      1.131      1.218          8     4.16059     370.036    0.0471528      3.10883     -2.96343      1.13571    -0.152794            0
      1.218      1.305          8      4.0156     264.035     0.307778      2.58434        -2.59      1.03357    -0.145173            0
      1.305      1.392          8     4.09017     253.777     -0.23765      4.08578     -3.99092      1.57381    -0.219004            0
      1.392      1.479          8     4.07041     257.171    -0.236829      4.05602     -3.96255      1.56408    -0.217743            0
      1.479      1.566          8     4.13103     231.794    -0.377261      4.38757     -4.24572      1.66304    -0.230618            0
      1.566      1.653          8     4.06692     255.497    -0.347203      4.26466     -4.12659      1.61058    -0.222089            0
      1.653       1.74          8     4.00289     232.617   -0.0992047      3.82325     -3.90391       1.5913     -0.22804            0
       1.74       1.83          8     4.04507     167.082    -0.649214      5.00384     -4.89101      1.95554    -0.277551            0
       1.83       1.93          8     4.20658     169.145    -0.241058      3.83799     -3.87106      1.59646     -0.23367            0
       1.93      2.043          8     4.44337     165.419    -0.322491      4.16625     -4.43474      1.92085    -0.292609            0
      2.043      2.172          8     4.58665     171.051   -0.0435164      3.10369     -3.31567       1.4442    -0.220331            0
      2.172      2.322          8     4.80812     169.644      0.80087     0.156613   -0.0800575   -0.0281305    0.0210686            0
      2.322        2.5          8     5.07499     129.779     0.902103   -0.0902212   -0.0166267    0.0283715 -0.000138721            0
        2.5       2.65          8     5.16926     102.489     0.717585      0.13109   -0.0709403   -0.0270069    0.0244382            0
       2.65      2.853          8     5.45716     103.442     0.720251   -0.0316872    0.0114921    0.0298147  -0.00588515            0
      2.853      2.964          8     5.58858     68.3994      0.39529     0.478629   -0.0762152     -0.12008    0.0575019            0
      2.964      3.139          8      6.3571     56.5286     0.195823     0.603001   -0.0226948    -0.150771    0.0470717            0
      3.139      3.314          8      7.2622     81.5999    0.0872547      0.57535  -0.00855344    -0.132966    0.0329693            0
      3.314      3.489          8     7.45308     57.4985      0.06534     0.522886    0.0066454    -0.131452    0.0374129            0
      3.489      3.664          8     7.85411      46.009      0.26419     0.142654    0.0549165   0.00757933   -0.0118051            0
      3.664      3.839          8     7.79398     35.9065     0.249152     0.131381    0.0517821   0.00919557  -0.00893412            0
      3.839      4.013          8     7.97857     26.3279     0.159672     0.182079     0.111759    0.0212748   -0.0502028            0
      4.013      4.191          8     6.96129     18.9234     0.365335    0.0487125   -0.0511026   -0.0142909    0.0742775            0
      4.191      4.363          8     6.68698     18.2217   -0.0400899     0.156839     0.164999    0.0662892   -0.0613765            0
      4.363      4.538          8     5.85036     12.2803    -0.154841     0.441667            0            0            0            0
      4.538      4.716          8     4.06774     12.7272    -0.164504     0.450166            0            0            0            0
