     -4.716     -4.538          8     5.47799     12.7066     0.778309    0.0879568            0            0            0            0
     -4.538     -4.363          8     7.29339     13.7076     0.768206    0.0975621            0            0            0            0
     -4.363     -4.191          8     7.90679      21.012     0.677645     0.351243     0.111204    -0.034177    -0.106353            0
     -4.191     -4.013          8     8.68012     19.9269      4.08425     -1.80949     -2.70399    -0.778598       2.0682            0
     -4.013     -3.839          8     9.22235     45.8798     0.942185     0.102407   -0.0963425   -0.0385115     0.052484            0
     -3.839     -3.664          8     9.22964     34.8131       1.0354    0.0878791    -0.134819   -0.0611276    0.0634181            0
     -3.664     -3.489          8     9.01011     39.0437      1.14155    0.0370397    -0.166828   -0.0562751    0.0799356            0
     -3.489     -3.314          8     8.60391     64.8377      1.24931    -0.182591   -0.0194056    0.0836085   -0.0308067            0
     -3.314     -3.139          8     8.15181     48.9366      1.58251    -0.468404   -0.0574127     0.157646   -0.0437366            0
     -3.139     -2.964          8     8.03603     67.0693      1.60228    -0.474384   -0.0326966     0.156981   -0.0416059            0
     -2.964     -2.853          8     8.19471      76.888      1.66087    -0.642758   0.00887387     0.198133   -0.0481774            0
     -2.853      -2.65          8     8.56178     96.6707      1.98454     -1.25449      0.13971     0.363403     -0.11603            0
      -2.65       -2.5          8     8.74731     114.389      1.51647    -0.534709  -0.00153774     0.137371   -0.0299863            0
       -2.5     -2.322          8     9.19426     149.137      1.56413    -0.755312    0.0901374       0.2028    -0.062518            0
     -2.322     -2.172          8       9.359     154.092      1.40056    -0.563964    0.0748424     0.155099   -0.0489268            0
     -2.172     -2.043          8     9.39706     202.355      1.20465     -0.29366    0.0385121    0.0819078   -0.0248707            0
     -2.043      -1.93          8     9.45912     200.679      1.05192    -0.060102  -0.00257756    0.0295349  -0.00778054            0
      -1.93      -1.83          8     9.38183     199.772     0.994153    0.0432472   -0.0243442   0.00599303  0.000429696            0
      -1.83      -1.74          8     9.20121     201.376      1.11958    -0.111592   0.00200017    0.0361699  -0.00987324            0
      -1.74     -1.653          8     9.29794     200.422     0.996902    0.0566141   -0.0289273 -0.000991164   0.00261195            0
     -1.653     -1.566          8     9.25864     207.832      1.11432   -0.0776914    -0.016704    0.0251113  -0.00465359            0
     -1.566     -1.479          8     9.30759     316.035      1.05588    0.0119079   -0.0343016   0.00386303   0.00241351            0
     -1.479     -1.392          8     9.05528     317.318      1.21087    -0.188474    0.0025085    0.0401224   -0.0095354            0
     -1.392     -1.305          8     9.14897     310.848      1.05177    0.0348278   -0.0356805  -0.00178116   0.00363468            0
     -1.305     -1.218          8     8.99007     291.702      1.05749    0.0400595   -0.0371122  -0.00271981   0.00403073            0
     -1.218     -1.131          8     9.13852     305.681      1.05639    0.0201244   -0.0304516   0.00222699   0.00219896            0
     -1.131     -1.044          8     9.10261     353.352      1.15951    -0.137885    0.0034121    0.0290044  -0.00675031            0
     -1.044     -0.957          8     9.24371     428.873      1.05954   -0.0196226   -0.0180312   0.00834853 -0.000255903            0
     -0.957     -0.879          8      9.3475     435.669      1.08368   -0.0681454  -0.00731884    0.0168127  -0.00305281            0
     -0.879     -0.783          8     9.45952     382.761     0.999265    0.0266305   -0.0223088   0.00106037   0.00157755            0
     -0.783     -0.696          8     9.60263     413.101     0.954455     0.066245   -0.0257196  -0.00515959   0.00311225            0
     -0.696     -0.609          8      9.5833     425.933     0.996796   0.00906376   -0.0144089   0.00450116 -1.87057e-05            0
     -0.609     -0.522          8     9.69449     431.159     0.984499   0.00610316  -0.00894729   0.00594094 -0.000898541            0
     -0.522     -0.435          8     9.62753     444.254     0.907959    0.0992152   -0.0249276   -0.0094721   0.00382674            0
     -0.435     -0.348          8     9.73813     450.572     0.898855     0.102527   -0.0232817  -0.00947391   0.00349304            0
     -0.348     -0.261          8      9.7732     421.728     0.889672     0.106172   -0.0208054  -0.00923155   0.00298083            0
     -0.261     -0.174          8     9.79307     445.076     0.858975     0.135565   -0.0240046   -0.0145818   0.00462168            0
     -0.174     -0.087          8     9.88063     617.537     0.849222     0.155569   -0.0294389   -0.0175501   0.00554907            0
     -0.087          0          8     9.78062     431.707     0.894782     0.104133   -0.0221293   -0.0093317   0.00330153            0
          0      0.087          8     9.77548     651.479     0.841773     0.161668   -0.0281417   -0.0183802   0.00547213            0
      0.087      0.174          8     9.91435     421.845     0.863172     0.132171   -0.0222592   -0.0142865   0.00432844            0
      0.174      0.261          8     9.76856     654.552      0.90009    0.0969844   -0.0218824  -0.00802413   0.00306952            0
      0.261      0.348          8     9.70964     661.247     0.957402    0.0348278   -0.0122142  0.000382842  0.000685574            0
      0.348      0.435          8     9.66985     427.203     0.897997     0.104356   -0.0221644  -0.00942717   0.00314748            0
      0.435      0.522          8     9.64875     422.843     0.994173 -0.000716492  -0.00984999   0.00683955 -0.000952789            0
      0.522      0.609          8     9.58955     437.809     0.946709    0.0675838   -0.0224552  -0.00493833   0.00267082            0
      0.609      0.696          8     9.51276     432.432     0.992964    0.0139111    -0.015121   0.00362706  0.000241914            0
      0.696      0.783          8     9.58784     546.365      1.05627   -0.0573546  -0.00368714    0.0133945  -0.00246917            0
      0.783      0.879          8     9.45216     403.921       1.0697   -0.0694645  -0.00275728    0.0176551  -0.00381982            0
      0.879      0.957          8     9.41006     440.256      1.02933    0.0230346   -0.0293909  0.000690948   0.00246531            0
      0.957      1.044          8     9.34108     453.709     0.970658    0.0898395    -0.034301   -0.0109154   0.00534087            0
      1.044      1.131          8     9.18588     304.871      1.03182    0.0444079   -0.0338077  -0.00315282   0.00364865            0
      1.131      1.218          8     8.99642     420.151      1.06703    0.0157318   -0.0307745   0.00212282   0.00237947            0
      1.218      1.305          8     8.88422     314.353       1.1804    -0.108733   -0.0174273    0.0257128  -0.00402197            0
      1.305      1.392          8     9.02772      314.46      1.01199     0.124399   -0.0596705   -0.0208913    0.0104657            0
      1.392      1.479          8     9.17871     306.915      1.10254    -0.016919   -0.0379084   0.00725828   0.00223517            0
      1.479      1.566          8     9.30071     278.286      1.00564    0.0593171   -0.0342569  -0.00440416    0.0040692            0
      1.566      1.653          8     9.19146     290.123      1.05661    0.0137368   -0.0308748   0.00403891   0.00194363            0
      1.653       1.74          8     9.23502     281.608      1.07614   -0.0330715   -0.0177455    0.0155177  -0.00208072            0
       1.74       1.83          8     9.20617     199.943     0.974435     0.106356   -0.0376189    -0.014912   0.00747154            0
       1.83       1.93          8     9.13331     200.623      1.19796    -0.202541   0.00949718    0.0577059   -0.0154052            0
       1.93      2.043          8     9.08784     193.361      1.35214    -0.441612    0.0568365     0.110331   -0.0335256            0
      2.043      2.172          8     9.33055     196.697      1.13629    -0.183853    0.0217668    0.0572565   -0.0172547            0
      2.172      2.322          8     9.22541     191.278      1.42563    -0.558859    0.0726752     0.139022   -0.0421432            0
      2.322        2.5          8     9.10216     150.503      1.59721     -0.78015    0.0961919     0.204318   -0.0635144            0
        2.5       2.65          8     8.86421     114.902      1.65948    -0.808123    0.0696212     0.230073   -0.0693999            0
       2.65      2.853          8      8.5505     107.657      1.97074      -1.2396      0.14665     0.355335     -0.11471            0
      2.853      2.964          8     8.25901      81.286      1.61503    -0.574413  -0.00157188     0.177553   -0.0432509            0
      2.964      3.139          8     8.24758     57.0031       1.8059    -0.814772    0.0048312     0.275987   -0.0673611            0
      3.139      3.314          8     8.20998     82.1063      1.39428     -0.25088   -0.0429889     0.076107   -0.0238593            0
      3.314      3.489          8     8.39759     60.9345      1.04022     0.161105   -0.0611048   -0.0433079   0.00863231            0
      3.489      3.664          8     8.91081     50.6082      1.32253    -0.354147   -0.0402055     0.148035   -0.0427371            0
      3.664      3.839          8     9.05775     37.4986     0.951152     0.136098   -0.0833471   -0.0505109    0.0333246            0
      3.839      4.013          8     9.08642      28.255      0.99631     0.107131    -0.139137   -0.0742183     0.072637            0
      4.013      4.191          8     8.50085      20.135      1.30052    -0.042284    -0.396572     -0.16844     0.274556            0
      4.191      4.363          8     8.14537       23.09     0.386018     0.565691     0.356493    0.0127358    -0.290669            0
      4.363      4.538          8     6.73974     13.7782     0.770516    0.0955683            0            0            0            0
      4.538      4.716          8     5.08561     13.6732     0.778967    0.0880721            0            0            0            0
