     -4.889     -4.538          8     4.03331     12.5688   -0.0185482     0.350243            0            0            0            0
     -4.538     -4.363          8     6.86999      12.749   -0.0247472       0.3559            0            0            0            0
     -4.363     -4.191          8     7.24989      19.808    0.0692625     0.138994     0.113478    0.0421817   -0.0335035            0
     -4.191     -4.013          8     8.00976     27.8763     0.186443     0.198304     0.114313    0.0134983   -0.0625293            0
     -4.013     -3.839          8     8.42702     45.1671     0.394535    0.0210264   -0.0427859   0.00604524    0.0568163            0
     -3.839     -3.664          8     8.45557     33.4499     0.375589    0.0645008   -0.0167827  -0.00109241    0.0328799            0
     -3.664     -3.489          8     8.44896     42.8875     0.238088      0.16475     0.075391    0.0112831   -0.0220792            0
     -3.489     -3.314          8     8.01699     64.0545     0.172261     0.370649    0.0279552   -0.0726808    0.0150794            0
     -3.314     -3.139          8     7.59344     46.7395     0.365557     0.159209    0.0474692   0.00124817   -0.0124591            0
     -3.139     -2.964          8     6.68323     62.1411     0.353137     0.369305 -2.08534e-05   -0.0746822    0.0255691            0
     -2.964     -2.853          8     6.12766     70.4881     0.411804     0.418848   -0.0127774   -0.0837228    0.0261528            0
     -2.853      -2.65          8       5.949     88.9386      0.52901     0.357316    -0.111997   -0.0886929    0.0514487            0
      -2.65       -2.5          8     5.80761     100.524     0.623735      0.26149   -0.0967339   -0.0626542    0.0391376            0
       -2.5     -2.322          8     5.74243     129.472     0.502136     0.489426    -0.138338    -0.110289     0.053075            0
     -2.322     -2.172          8      5.5034     134.126     0.510909     0.572736    -0.162155    -0.132664     0.059632            0
     -2.172     -2.043          8     5.45256     172.805    -0.467251      3.92118     -3.91846      1.63347    -0.240068            0
     -2.043      -1.93          8     5.13119     176.378    -0.617776      4.41477      -4.2811      1.72313    -0.245232            0
      -1.93      -1.83          8     4.93957     171.768      -0.4492      4.31748     -4.33916      1.79055    -0.260459            0
      -1.83      -1.74          8     4.96168     168.728    -0.225081      3.87051     -3.87903      1.57871    -0.226858            0
      -1.74     -1.653          8     4.75492     166.556    -0.545329      4.62756     -4.46944       1.7634     -0.24584            0
     -1.653     -1.566          8     4.91922     255.016    -0.636165      4.75176     -4.40991      1.66494    -0.221556            0
     -1.566     -1.479          8     4.84811     252.544    -0.721883      4.87974     -4.39035      1.60818    -0.207477            0
     -1.479     -1.392          8     4.73248     248.155    -0.215191      3.97199     -3.84887      1.50277     -0.20624            0
     -1.392     -1.305          8     4.63496     266.857    -0.357714      4.11726     -3.77716      1.40475     -0.18421            0
     -1.305     -1.218          8      4.5608     237.781    -0.383411       4.4021     -4.23168      1.64685    -0.225431            0
     -1.218     -1.131          8     4.70705     255.764     -0.29074      3.97078     -3.75418      1.44248    -0.195142            0
     -1.131     -1.044          8     4.72621     331.735     0.150149      2.71258     -2.57017      0.97996    -0.130932            0
     -1.044     -0.957          8     4.79129     393.613     0.767325      1.10997     -1.14861     0.449736   -0.0604876            0
     -0.957     -0.879          8     4.83361     394.103     0.341663       2.0707     -1.98133     0.758082    -0.100824            0
     -0.879     -0.783          8     4.94553     332.904    -0.171199      3.12645     -2.80409      1.03792    -0.135457            0
     -0.783     -0.696          8     5.05759     366.699     0.075089      2.43133       -2.191     0.815283     -0.10663            0
     -0.696     -0.609          8     5.11388     366.426    -0.219735      3.09548     -2.73647      1.00489    -0.130016            0
     -0.609     -0.522          8     5.31312     379.797    -0.309434       3.1532     -2.69988     0.968854    -0.122816            0
     -0.522     -0.435          8     5.43942     390.314    -0.318774        3.109     -2.62469      0.93096    -0.116781            0
     -0.435     -0.348          8     5.50695     385.699    -0.059947      2.40302     -2.01217     0.714753    -0.089972            0
     -0.348     -0.261          8     5.53457     361.971    -0.233948      2.77562     -2.29112     0.802046   -0.0997195            0
     -0.261     -0.174          8     5.67708     391.757    -0.355286      2.97554     -2.42565     0.841693    -0.103602            0
     -0.174     -0.087          8     5.58834     559.305    -0.124535      2.44953     -2.00972     0.700796   -0.0860674            0
     -0.087          0          8     5.51624     375.104    -0.135165      2.48168     -2.03939     0.716067   -0.0893039            0
          0      0.087          8     5.62223     604.145    -0.176589      2.53648     -2.05351      0.70699   -0.0857196            0
      0.087      0.174          8     5.55473     386.417    -0.239892      2.71076     -2.22838     0.781916   -0.0973176            0
      0.174      0.261          8     5.55115     573.897    -0.108962      2.42109     -1.96729     0.677744   -0.0823149            0
      0.261      0.348          8     5.50337     575.513    -0.255576      2.77223     -2.24115     0.766063    -0.092371            0
      0.348      0.435          8      5.3649      372.92    -0.073645      2.47928     -2.09229     0.746055   -0.0942801            0
      0.435      0.522          8     5.30848     369.429     0.106085      2.17658     -1.90422     0.697671   -0.0901599            0
      0.522      0.609          8     5.23337     371.028    0.0660394      2.37049     -2.11977     0.788246    -0.103016            0
      0.609      0.696          8     5.06891     477.924   -0.0485385      2.68157     -2.37213     0.866481    -0.110808            0
      0.696      0.783          8     5.12161     344.537  -0.00862198      2.72753     -2.50157     0.943905    -0.125054            0
      0.783      0.879          8     4.90884     363.079    0.0903813      2.59723      -2.4184     0.916696    -0.121614            0
      0.879      0.957          8     4.90971     326.252    -0.233908      3.49525     -3.23593      1.22503    -0.162947            0
      0.957      1.044          8     4.76255     375.496     0.236538      2.54021     -2.47961     0.961477    -0.129447            0
      1.044      1.131          8     4.73092     256.126    -0.359114      4.11069     -3.88654      1.49458    -0.202309            0
      1.131      1.218          8     4.65509     365.288    -0.137004      3.51954     -3.26983      1.22646    -0.161241            0
      1.218      1.305          8     4.45402     261.543     0.340135      2.46919     -2.45511     0.968236    -0.133783            0
      1.305      1.392          8     4.53313     256.778   0.00952151      3.41445     -3.35725      1.32128    -0.182355            0
      1.392      1.479          8     4.56256     247.301     -0.16115      3.86691     -3.78841      1.49282    -0.206464            0
      1.479      1.566          8     4.71779     211.736    -0.371933      4.32188     -4.12364      1.58867    -0.216068            0
      1.566      1.653          8     4.69745     255.497    -0.276545      4.10482     -3.96612      1.53425     -0.20868            0
      1.653       1.74          8     4.69821     230.628     -0.29182      4.09924     -3.98499      1.56176    -0.215405            0
       1.74       1.83          8     4.71529     167.729    -0.145574      3.80456     -3.88697      1.60003    -0.232106            0
       1.83       1.93          8     4.77088     169.299      0.13544      2.97528     -3.15433      1.33739    -0.198502            0
       1.93      2.043          8     4.94624     163.512    -0.403572      4.25947      -4.4399      1.89099     -0.28299            0
      2.043      2.172          8     5.16574      172.11    -0.525331      4.27954     -4.36954      1.84729    -0.274698            0
      2.172      2.322          8     5.40874     166.773      0.74225     0.223465     -0.08866   -0.0423473    0.0260372            0
      2.322        2.5          8     5.61743     131.133     0.649869     0.273964   -0.0922595   -0.0574428    0.0327469            0
        2.5       2.65          8     5.83612     102.055     0.540576      0.38084    -0.115893   -0.0928965    0.0500835            0
       2.65      2.853          8     5.95202     100.958      0.62624     0.147697   -0.0349064   -0.0208415    0.0162219            0
      2.853      2.964          8     6.08766     73.6343     0.401183      0.43792   -0.0152892   -0.0896615    0.0249377            0
      2.964      3.139          8     6.84446     55.2757     0.279302     0.453391    0.0157958   -0.0943714    0.0205708            0
      3.139      3.314          8     7.63684     80.8353     0.256621     0.342152   0.00304749   -0.0668199    0.0190029            0
      3.314      3.489          8     8.00458     59.8912     0.166054     0.378126    0.0298872   -0.0762557    0.0148912            0
      3.489      3.664          8     8.38927     49.3111     0.362512    0.0814694   0.00169986   0.00305067    0.0189976            0
      3.664      3.839          8     8.26202     35.2233     0.375444    0.0535634   -0.0225764  0.000513205    0.0385243            0
      3.839      4.013          8     8.32795     27.3792     0.251702      0.14282    0.0601719   0.00829164   -0.0189364            0
      4.013      4.191          8     7.84996     19.3903      0.54772   -0.0431292    -0.184297   -0.0555354      0.17002            0
      4.191      4.363          8     7.34072     19.9539     0.200461     0.197697     0.119137    0.0170543   -0.0723929            0
      4.363      4.538          8     6.52678     12.4106   -0.0241703     0.355338            0            0            0            0
      4.538      4.716          8     5.00311     13.1999   -0.0216587      0.35319            0            0            0            0
