     -4.716     -4.538          8     5.43185     6.15747     0.678025     0.151725            0            0            0            0
     -4.538     -4.363          8     7.45427     12.8818     0.652313      0.18231            0            0            0            0
     -4.363     -4.191          8     8.05465     20.6577     0.634709        0.207    0.0104294   -0.0276394    0.0102219            0
     -4.191     -4.013          8     8.67249     29.5596     0.690997     0.294564    0.0652951   -0.0392075   -0.0717906            0
     -4.013     -3.839          8     8.92025     40.8666     0.814383      0.18424   -0.0242189   -0.0369327   0.00232901            0
     -3.839     -3.664          8     9.06369       36.12      1.04021      0.05422    -0.155065   -0.0588097    0.0785571            0
     -3.664     -3.489          8     8.64543     51.7031      1.33522     -0.38818   -0.0472584     0.154567   -0.0351396            0
     -3.489     -3.314          8     8.09064     63.9334      1.43908    -0.372781   -0.0564021     0.122891   -0.0256251            0
     -3.314     -3.139          8     7.53977     53.6067      1.74203    -0.597809   -0.0924978     0.170633   -0.0322537            0
     -3.139     -2.964          8     7.40923     68.3307      1.71418    -0.549333   -0.0626355     0.156794   -0.0290764            0
     -2.964     -2.853          8     7.69425     77.4456      1.47012    -0.372441    -0.014777     0.117429   -0.0241322            0
     -2.853      -2.65          8     7.96212     100.929       2.0295     -1.33063     0.170687     0.379823    -0.124797            0
      -2.65       -2.5          8     8.25173     115.147      1.44382    -0.425761   -0.0202296      0.10552   -0.0171682            0
       -2.5     -2.322          8     8.54606     149.461      1.54562    -0.754352      0.10448     0.201589   -0.0639865            0
     -2.322     -2.172          8     8.72556     152.502      1.50162    -0.750843      0.11977     0.203429   -0.0667476            0
     -2.172     -2.043          8     8.83578     206.721       1.2031    -0.311635    0.0512739     0.085888   -0.0273688            0
     -2.043      -1.93          8     8.72416     200.208      1.13918    -0.182894     0.020803    0.0565635   -0.0168645            0
      -1.93      -1.83          8      8.5323     200.791      1.19275    -0.187444  0.000724654    0.0539766   -0.0132774            0
      -1.83      -1.74          8     8.57465     202.843      1.25121    -0.272954    0.0244858    0.0693068   -0.0200272            0
      -1.74     -1.653          8     8.58411     201.923      1.24158    -0.222376  -0.00169823    0.0560484   -0.0131864            0
     -1.653     -1.566          8     8.51029     350.128      1.17429    -0.113323   -0.0204855    0.0267856  -0.00395333            0
     -1.566     -1.479          8     8.41554     288.066      1.20071    -0.152578   -0.0129267    0.0333722  -0.00617577            0
     -1.479     -1.392          8     8.30704      299.34      1.31727    -0.308893    0.0162112    0.0615474   -0.0154326            0
     -1.392     -1.305          8     8.34427     309.241      1.18689   -0.0926516   -0.0280344    0.0199066  -0.00168357            0
     -1.305     -1.218          8     8.28272     291.916      1.17465   -0.0888977   -0.0227425    0.0211774  -0.00262467            0
     -1.218     -1.131          8     8.39425     305.295       1.2043    -0.154752   -0.0068853    0.0347063  -0.00727007            0
     -1.131     -1.044          8     8.43062     353.506      1.15453     -0.12745   0.00115391    0.0269625   -0.0061961            0
     -1.044     -0.957          8     8.65206     429.579      1.05249   -0.0275682   -0.0128921    0.0109979  -0.00148763            0
     -0.957     -0.879          8     8.74688     447.005      1.03412   -0.0138066   -0.0145173   0.00848143 -0.000841207            0
     -0.879     -0.783          8     8.92929     384.616     0.948979    0.0705789   -0.0245262  -0.00486585   0.00270616            0
     -0.783     -0.696          8      8.9483     413.869     0.985172    0.0107743   -0.0128558   0.00568967  -0.00054469            0
     -0.696     -0.609          8     8.97542     430.963     0.937614    0.0644512   -0.0173579  -0.00367035   0.00160963            0
     -0.609     -0.522          8     8.98178      433.35     0.960178    0.0340294   -0.0129989   0.00188441  0.000154675            0
     -0.522     -0.435          8     8.97361     444.826     0.953145    0.0286687   -0.0085907   0.00332864 -0.000597117            0
     -0.435     -0.348          8     9.03711     451.351     0.903113    0.0833477   -0.0145312  -0.00590336    0.0016999            0
     -0.348     -0.261          8     9.03259     426.677     0.951332    0.0276255  -0.00563809   0.00316363  -0.00100667            0
     -0.261     -0.174          8      9.1233     454.321      0.85748     0.130538   -0.0198103   -0.0129597   0.00360152            0
     -0.174     -0.087          8     9.08513     617.787     0.829641     0.171495   -0.0282939   -0.0193092   0.00550694            0
     -0.087          0          8     9.01165     435.539     0.877614     0.109918   -0.0176664  -0.00875005    0.0023864            0
          0      0.087          8     9.18325     647.406     0.859647     0.137549   -0.0234226   -0.0143228   0.00417411            0
      0.087      0.174          8     9.14522     422.209     0.950347    0.0286678  -0.00771838   0.00354371 -0.000773116            0
      0.174      0.261          8     9.12562     655.804     0.874032      0.11586   -0.0195894   -0.0108684   0.00323818            0
      0.261      0.348          8     9.00718     662.508     0.882402     0.117196   -0.0214439   -0.0116364   0.00351899            0
      0.348      0.435          8     8.98137     426.654     0.914243    0.0814716   -0.0155043  -0.00619307   0.00176218            0
      0.435      0.522          8     9.06793     423.053     0.943253     0.043345   -0.0111249  0.000729328  0.000116335            0
      0.522      0.609          8     8.92098     424.218     0.992057   -0.0048722   -0.0055799   0.00824067  -0.00187941            0
      0.609      0.696          8     8.95568     446.864     0.930908    0.0781756   -0.0215189  -0.00613271   0.00256117            0
      0.696      0.783          8     8.88883     547.944     0.965314    0.0444306   -0.0188017  -0.00110493   0.00149669            0
      0.783      0.879          8     8.82072     390.531      1.02417   -0.0304673  -0.00372773    0.0120344  -0.00286905            0
      0.879      0.957          8      8.6606     447.584      1.11774    -0.110438  -0.00159779    0.0239561  -0.00506368            0
      0.957      1.044          8     8.69586     454.904      1.00928    0.0461842   -0.0289871  -0.00226128    0.0027316            0
      1.044      1.131          8     8.44522     306.487        1.134   -0.0791493   -0.0168756    0.0200445  -0.00317665            0
      1.131      1.218          8      8.4777      421.51      1.14787   -0.0903505   -0.0100278    0.0199699  -0.00345159            0
      1.218      1.305          8     8.23398     311.527      1.16012   -0.0515859    -0.035299    0.0138514  0.000453407            0
      1.305      1.392          8     8.23056     323.083      1.21021    -0.116196   -0.0249595     0.023463  -0.00279023            0
      1.392      1.479          8     8.41186     312.297      1.20219    -0.136707   -0.0208817    0.0289188  -0.00425984            0
      1.479      1.566          8      8.5327     276.422    0.0410364      2.77749     -2.67501      1.07285    -0.153995            0
      1.566      1.653          8     8.48001     207.602      1.07398   0.00429775   -0.0334868   0.00610314   0.00162826            0
      1.653       1.74          8     8.38962     287.499      1.26203    -0.234059   0.00349442    0.0516275   -0.0119521            0
       1.74       1.83          8     8.39929     200.413      1.26051    -0.269658     0.019846    0.0685605   -0.0190734            0
       1.83       1.93          8     8.40896     198.817      1.21051    -0.212801     0.011674    0.0587738   -0.0158496            0
       1.93      2.043          8     8.46834     191.426      1.29358    -0.362253    0.0456101    0.0932785   -0.0281842            0
      2.043      2.172          8     8.71218     195.002      1.25611    -0.377071    0.0662738     0.100498   -0.0328758            0
      2.172      2.322          8      8.7238     189.218      1.42943    -0.621956     0.104026     0.155654   -0.0502068            0
      2.322        2.5          8     8.48528     149.857      1.57336    -0.776913     0.109144     0.205093   -0.0654178            0
        2.5       2.65          8      8.2045     113.271      1.84228     -1.10633     0.135501     0.310236   -0.0995574            0
       2.65      2.853          8     7.88237     107.238       2.1115     -1.46495     0.195345     0.418637    -0.138033            0
      2.853      2.964          8     7.86005     81.1888      1.45919    -0.350833   -0.0205268     0.111478   -0.0221937            0
      2.964      3.139          8     7.61646     57.9385       1.3849    -0.146178   -0.0592587     0.045417   -0.0124451            0
      3.139      3.314          8      7.6094     82.1063      1.48761    -0.293362   -0.0789324    0.0673535   -0.0112641            0
      3.314      3.489          8     7.94708     61.0453      1.33107    -0.245067   -0.0490591    0.0880797   -0.0208008            0
      3.489      3.664          8     8.65946     50.3356      1.26016    -0.341628    -0.031185     0.147081   -0.0355539            0
      3.664      3.839          8     8.61207     39.9407     0.941573     0.137421   -0.0796642   -0.0510048    0.0245474            0
      3.839      4.013          8     8.79967     29.5342     0.837852     0.193627   -0.0373218   -0.0522569   0.00402996            0
      4.013      4.191          8     8.59352     24.8511      1.08796   -0.0117497    -0.254301   -0.0888014     0.176016            0
      4.191      4.363          8     7.94611      20.652      1.05326     0.125666     -0.18328    -0.111702     0.105965            0
      4.363      4.538          8     7.02851     10.5493     0.474131     0.333403     0.172767   0.00703508     -0.15084            0
      4.538      4.716          8     5.39593      11.108     0.664391      0.17037            0            0            0            0
