     -4.716     -4.538          8     4.88635     5.66295    -0.353234       0.5653            0            0            0            0
     -4.538     -4.363          8     6.66553     12.5314    -0.373158     0.590804            0            0            0            0
     -4.363     -4.191          8     7.08847     19.2773   -0.0311702     0.206466     0.201622    0.0674042   -0.0951205            0
     -4.191     -4.013          8     7.95808     28.1335   -0.0880227     0.209267     0.197204    0.0653483   -0.0656166            0
     -4.013     -3.839          8     8.28643     39.4724    -0.119916     0.254902     0.211424    0.0496842   -0.0792767            0
     -3.839     -3.664          8     8.38322     35.1855   -0.0518415     0.205407     0.168196    0.0486119   -0.0491922            0
     -3.664     -3.489          8     8.22108     43.8035    0.0122581      0.18935     0.135811     0.037463   -0.0311535            0
     -3.489     -3.314          8      7.7651     64.4516    -0.189161     0.664671    0.0188243    -0.159629    0.0581673            0
     -3.314     -3.139          8     7.17359      53.978    -0.140386     0.735642   -0.0151748    -0.202277    0.0742445            0
     -3.139     -2.964          8     6.44134     62.8966    -0.186616     0.921438  -0.00646467    -0.229254    0.0703868            0
     -2.964     -2.853          8      5.4946     71.0423    0.0407068     0.863489   -0.0917754    -0.216757    0.0901295            0
     -2.853      -2.65          8     5.44371     96.2189    0.0945431     0.675243   -0.0685306    -0.133282    0.0499593            0
      -2.65       -2.5          8     5.37877     96.9796     0.415016     0.214191    0.0197555   -0.0124107   0.00369832            0
       -2.5     -2.322          8     5.24493     123.883     0.330969     0.412138   -0.0222225   -0.0590559    0.0185364            0
     -2.322     -2.172          8      4.9708     136.729     0.492864     0.346361   -0.0460673   -0.0531392    0.0205399            0
     -2.172     -2.043          8     4.69566     177.981     0.653561     0.231742    -0.042351   -0.0288755    0.0129951            0
     -2.043      -1.93          8     4.51273     173.654    -0.345309      3.64878     -3.75323      1.63597    -0.254271            0
      -1.93      -1.83          8     4.16243     174.033     -0.12458      3.68935     -4.07166      1.83583    -0.291429            0
      -1.83      -1.74          8     3.95138     170.121    -0.468188      4.90598     -5.28348      2.32634     -0.36335            0
      -1.74     -1.653          8     3.92979     168.647    -0.870899      6.38672     -6.91097      3.04599    -0.475732            0
     -1.653     -1.566          8     3.89671     257.929    -0.757514      5.83842     -6.04089      2.52591    -0.372569            0
     -1.566     -1.479          8     4.08904     269.977    -0.608949      5.67073     -5.94033      2.48982    -0.366733            0
     -1.479     -1.392          8     3.87396     243.087     0.439114      3.29619     -3.98809      1.81241    -0.282644            0
     -1.392     -1.305          8     3.85207     263.601    -0.664376      5.60685     -5.66933      2.32223    -0.336996            0
     -1.305     -1.218          8     3.83426     238.208    -0.311244      4.91987      -5.2779      2.26307    -0.341054            0
     -1.218     -1.131          8     3.95255     258.913     0.482614      2.50806      -2.8411      1.24265    -0.188645            0
     -1.131     -1.044          8     3.99946     331.811    -0.272983      4.03928     -3.97768      1.59573    -0.226567            0
     -1.044     -0.957          8     4.08828     394.561      1.25543     -0.15278   -0.0139772    0.0226698  -0.00326113            0
     -0.957     -0.879          8     4.17652     395.227    -0.139672      3.19588     -2.98833      1.15709    -0.159347            0
     -0.879     -0.783          8     4.26955      329.69    -0.759818       4.7831     -4.46718      1.74375    -0.243062            0
     -0.783     -0.696          8     4.32046     367.169    -0.870349      4.75826     -4.28117      1.62585    -0.221288            0
     -0.696     -0.609          8     4.46951     369.149    -0.707881      4.28525     -3.82583      1.44507    -0.195961            0
     -0.609     -0.522          8     4.51822     383.263    -0.949561      4.79245     -4.21614      1.57323    -0.210927            0
     -0.522     -0.435          8     4.58197     395.321    -0.751199      4.25451     -3.71477      1.37749    -0.183761            0
     -0.435     -0.348          8     4.72969      386.49    -0.565958      3.70198     -3.20395      1.18582    -0.158333            0
     -0.348     -0.261          8     4.73936     373.305    -0.983905      4.71993     -4.08514      1.50908    -0.201023            0
     -0.261     -0.174          8     4.80708     385.229    -0.875821      4.26013     -3.59248      1.30559    -0.171849            0
     -0.174     -0.087          8     4.75548     563.075    -0.674241      3.79222     -3.17659      1.13789    -0.146388            0
     -0.087          0          8     4.82512     602.403    -0.404387       3.0682     -2.51277     0.885992     -0.11254            0
          0      0.087          8     4.80197     380.222    -0.662431      3.87617     -3.35968      1.24985    -0.167682            0
      0.087      0.174          8     4.75326     387.404    -0.914838      4.38677     -3.72862      1.36317    -0.180179            0
      0.174      0.261          8     4.71753     576.676    -0.891141      4.20401     -3.43774      1.20406    -0.151927            0
      0.261      0.348          8     4.69497     575.828    -0.498855      3.47914     -2.94885      1.06283    -0.137158            0
      0.348      0.435          8     4.63273      374.47    -0.410214      3.51252     -3.16855      1.21042    -0.165652            0
      0.435      0.522          8      4.5384     369.775    -0.642044       3.9457     -3.42743       1.2697    -0.169811            0
      0.522      0.609          8     4.56243     369.859    -0.470002      3.58475     -3.16077      1.18779    -0.160773            0
      0.609      0.696          8     4.40882     478.686    -0.807803      4.49265     -3.95073       1.4633    -0.193703            0
      0.696      0.783          8     4.38463     354.189    -0.788853      4.70054     -4.30592        1.655    -0.227487            0
      0.783      0.879          8     4.28112      362.22    -0.846012      4.75504     -4.27175      1.61596    -0.219269            0
      0.879      0.957          8     4.17287     362.322   -0.0979791      3.28429     -3.19866      1.27641    -0.180115            0
      0.957      1.044          8     4.12027     376.136     -1.08535      5.80528     -5.39047      2.07476    -0.284195            0
      1.044      1.131          8     4.01568         255     -0.77358      5.52682      -5.5073      2.25325    -0.327591            0
      1.131      1.218          8     3.99267     368.633     0.142707      3.32218     -3.48765      1.44301    -0.208004            0
      1.218      1.305          8     3.83263     262.547     0.268859      3.04829     -3.29142      1.40178    -0.209292            0
      1.305      1.392          8     3.83621     258.623      1.84901    -0.724928     0.042407     0.113541   -0.0261451            0
      1.392      1.479          8     3.85254      256.29    -0.372822      5.43382     -5.94951      2.57044    -0.387775            0
      1.479      1.566          8      3.9532     226.058     0.280563      3.55896     -4.15914      1.86111    -0.288557            0
      1.566      1.653          8     3.96688      173.41    -0.416728      5.64899     -6.39045      2.86442    -0.451294            0
      1.653       1.74          8     3.84472     232.327      2.08862     -1.09368     0.110534     0.175176   -0.0453072            0
       1.74       1.83          8     3.84032     167.521    0.0497875      3.80045     -4.40704      2.02452    -0.325511            0
       1.83       1.93          8     4.08346     169.501     0.173777      2.92747     -3.30609      1.50573    -0.240787            0
       1.93      2.043          8     4.35021     167.687    -0.530589      4.18794     -4.28191      1.85646    -0.287928            0
      2.043      2.172          8     4.50421     170.838    0.0205524      2.41874     -2.53846      1.14644    -0.183239            0
      2.172      2.322          8       4.916     169.644     0.656895    0.0686213    0.0256455    0.0130208  -0.00516833            0
      2.322        2.5          8     5.14241     133.117     0.435386     0.280596 -0.000155092   -0.0288765    0.0084359            0
        2.5       2.65          8     5.41927     102.279      0.29075     0.363962   0.00838584   -0.0456731    0.0129274            0
       2.65      2.853          8     5.42757     103.903     0.284283     0.356584    0.0136286   -0.0437244    0.0112171            0
      2.853      2.964          8     5.51517     73.1416    -0.147075      1.05836   -0.0609324    -0.251453    0.0766327            0
      2.964      3.139          8     6.56024      56.477    -0.160063     0.877453  -0.00827757    -0.220522    0.0744369            0
      3.139      3.314          8     7.29854     80.8353    -0.219742     0.782795 -0.000229627    -0.179408    0.0546368            0
      3.314      3.489          8     7.76302     59.8912    -0.300902     0.768424     0.051833    -0.180419    0.0479564            0
      3.489      3.664          8     8.15189     50.3371   -0.0458282     0.456555   -0.0145536    -0.132464    0.0821203            0
      3.664      3.839          8     8.15316     38.6884   -0.0485494     0.214065     0.167376    0.0420541   -0.0541505            0
      3.839      4.013          8     8.19833     26.0946     0.179327    0.0407032   0.00790525    0.0242241    0.0507974            0
      4.013      4.191          8      7.6447     19.3634   -0.0485707     0.180156     0.188412    0.0761416   -0.0681868            0
      4.191      4.363          8     7.14301     18.4637   -0.0104417     0.179648     0.180081    0.0731435   -0.0631661            0
      4.363      4.538          8     6.29334      12.119    -0.372871     0.590635            0            0            0            0
      4.538      4.716          8     4.65621     11.9381    -0.365078     0.583433            0            0            0            0
