     -4.889     -4.716          8     3.59858     13.2141    -0.159824     0.465135            0            0            0            0
     -4.716     -4.538          8     4.72395      10.318    -0.153589     0.462818            0            0            0            0
     -4.538     -4.363          8      6.2494     12.4526    -0.138518     0.446662            0            0            0            0
     -4.363     -4.191          8     6.82276     19.5901   -0.0339443     0.329661      0.29839    0.0680319    -0.193695            0
     -4.191     -4.013          8     7.75653     18.6931      0.28099    0.0967356    0.0146867   0.00436916    0.0295441            0
     -4.013     -3.839          8     8.38514     38.7876    0.0888864     0.210878     0.137306    0.0255937   -0.0532908            0
     -3.839     -3.664          8     8.50026     34.2193     0.204721     0.141465    0.0708969    0.0185136   -0.0114771            0
     -3.664     -3.489          8     8.45585     40.0458     0.162502      0.18904     0.106114    0.0201195   -0.0331067            0
     -3.489     -3.314          8     8.13929     64.0545    0.0058365     0.544272    0.0300131    -0.123281    0.0306827            0
     -3.314     -3.139          8      7.5377     46.7395     0.118174     0.523899  -0.00421401      -0.1403    0.0443187            0
     -3.139     -2.964          8     6.63803     61.0094     0.146765     0.621921  -0.00474264    -0.149528     0.041571            0
     -2.964     -2.853          8     5.99846     67.2043     0.297817     0.567109   -0.0402146    -0.130859    0.0486829            0
     -2.853      -2.65          8     5.69898     88.4152     0.568642     0.214172   -0.0540194   -0.0381486    0.0268513            0
      -2.65       -2.5          8     5.57178     100.028     0.532205     0.369974    -0.108107   -0.0943242    0.0509867            0
       -2.5     -2.322          8     5.48714     128.443     0.582897     0.306979   -0.0789202   -0.0587381    0.0302029            0
     -2.322     -2.172          8     5.31634     134.093     0.475245     0.575929     -0.14549    -0.126432    0.0543153            0
     -2.172     -2.043          8     5.02668     170.158     0.428044      1.50515     -1.63899     0.731429    -0.112919            0
     -2.043      -1.93          8     4.82526     174.415    -0.573831      4.27812     -4.18451      1.71213    -0.249182            0
      -1.93      -1.83          8     4.58506     170.566    -0.484042      4.39988     -4.44508      1.85595    -0.274616            0
      -1.83      -1.74          8     4.34356     167.518     0.458908      2.07971     -2.28373     0.991128    -0.150631            0
      -1.74     -1.653          8     4.43929     164.894    -0.441498      4.45295     -4.41338      1.79379    -0.259376            0
     -1.653     -1.566          8     4.29466     255.016    -0.508778       4.5685     -4.36137      1.69228    -0.232322            0
     -1.566     -1.479          8     4.48848     268.517    -0.211412      3.89802     -3.78155      1.47981    -0.204415            0
     -1.479     -1.392          8     4.28884     251.788     0.372385       2.6635     -2.81678      1.16301    -0.167438            0
     -1.392     -1.305          8     4.22988     266.653    -0.127557      3.63083     -3.43572      1.31697    -0.179079            0
     -1.305     -1.218          8     4.21328     236.028    -0.140539      3.83796     -3.80036      1.52095    -0.214885            0
     -1.218     -1.131          8      4.4264      255.37     0.240417      2.68792     -2.68299      1.07432    -0.151409            0
     -1.131     -1.044          8      4.3163     331.735     0.535542      1.75553     -1.73937     0.680892   -0.0934162            0
     -1.044     -0.957          8     4.51507     393.613     0.688885      1.16384     -1.11691     0.421211   -0.0558659            0
     -0.957     -0.879          8     4.51697     394.103     0.598154      1.37981     -1.35636     0.527784   -0.0714401            0
     -0.879     -0.783          8     4.62739     333.246     0.224322       2.2115     -2.06431     0.790533    -0.106918            0
     -0.783     -0.696          8     4.83359     366.791     0.478864      1.43907     -1.34243     0.514049   -0.0691491            0
     -0.696     -0.609          8     4.81029     363.221     -0.37919      3.33841     -2.85745       1.0292    -0.132176            0
     -0.609     -0.522          8     5.04413     379.797    -0.339783      3.11266     -2.61232     0.930316    -0.118341            0
     -0.522     -0.435          8      5.1482     390.386    -0.164345      2.64825     -2.20156     0.779766   -0.0988658            0
     -0.435     -0.348          8     5.21434     385.574   -0.0325411      2.21994     -1.79247     0.624583   -0.0784116            0
     -0.348     -0.261          8     5.28178     365.963   -0.0454874      2.21377     -1.76786     0.611213   -0.0764425            0
     -0.261     -0.174          8     5.37657     385.651    -0.318101      2.79897     -2.23918     0.773009   -0.0959761            0
     -0.174     -0.087          8     5.31252     559.102     0.175343      1.66614     -1.32126     0.455528   -0.0561227            0
     -0.087          0          8     5.43782     375.023    -0.209057      2.52663     -2.00973      0.69333    -0.086254            0
          0      0.087          8     5.36828     604.145    -0.247736      2.57491     -2.00696     0.673194   -0.0806956            0
      0.087      0.174          8     5.40758      385.91    -0.308736      2.77451     -2.23235     0.776162   -0.0969662            0
      0.174      0.261          8     5.27163     573.897    0.0716423      1.85954     -1.43007     0.477491   -0.0573457            0
      0.261      0.348          8     5.25611     575.513    -0.175769      2.46689     -1.92609     0.645241   -0.0773941            0
      0.348      0.435          8     5.09982     374.701     0.335604       1.4665     -1.22654     0.440895   -0.0568934            0
      0.435      0.522          8      4.9742     369.373     0.114081      1.98439     -1.65321     0.590916   -0.0758593            0
      0.522      0.609          8     5.04715     375.815    0.0728737      2.27942     -2.00465     0.741338   -0.0973079            0
      0.609      0.696          8     4.83081     477.924     0.036092      2.36017     -2.03903     0.736831   -0.0942703            0
      0.696      0.783          8     4.81247     354.363    -0.149296       2.9203     -2.58267       0.9549    -0.125482            0
      0.783      0.879          8     4.65216     362.875     0.038167        2.655     -2.43201     0.916802    -0.122122            0
      0.879      0.957          8     4.58644     320.356     0.184283      2.45842     -2.35413     0.916788    -0.125634            0
      0.957      1.044          8     4.42997     375.176     0.103444      2.76577     -2.62253      1.00471    -0.135152            0
      1.044      1.131          8     4.39919     255.403  -0.00640325      3.22425     -3.13032      1.23321    -0.171738            0
      1.131      1.218          8     4.31731     365.288     0.337111      2.42571     -2.38104     0.925877    -0.125924            0
      1.218      1.305          8      4.2027     253.569     0.821949      1.22099     -1.33058     0.547544   -0.0784761            0
      1.305      1.392          8     4.19777     252.123     0.622334      1.96678     -2.14618     0.896745    -0.129984            0
      1.392      1.479          8     4.24896     254.971     0.465251      2.31699     -2.44253      1.00475    -0.144175            0
      1.479      1.566          8     4.29567     214.625     0.202735      3.00432     -3.08094      1.25235     -0.17965            0
      1.566      1.653          8     4.29141     255.111     0.118073      3.17027     -3.19522      1.27411    -0.178868            0
      1.653       1.74          8     4.38843     230.628     0.273569      2.82437      -2.9826      1.23699    -0.179407            0
       1.74       1.83          8     4.26721     167.616    -0.264069      4.01022     -4.02599      1.64868    -0.239995            0
       1.83       1.93          8     4.40693     169.056     0.466367      2.14177     -2.44428      1.08946    -0.168414            0
       1.93      2.043          8     4.67527     163.565     0.217392      2.54759      -2.8101      1.24604    -0.192663            0
      2.043      2.172          8      4.8474      172.11     0.127733      2.40816     -2.55036      1.11658    -0.170885            0
      2.172      2.322          8     5.15163     166.773     0.792656    0.0792225   -0.0286701  -0.00750473   0.00865636            0
      2.322        2.5          8     5.41668     131.133     0.629424     0.257603   -0.0710675   -0.0476149    0.0260353            0
        2.5       2.65          8     5.65729     101.953     0.495308     0.370371   -0.0815439   -0.0800434    0.0384605            0
       2.65      2.853          8     5.74352     101.271     0.609122     0.111111  -0.00426782  -0.00489986   0.00593795            0
      2.853      2.964          8      5.8577      72.996     0.339439     0.524906   -0.0528467    -0.122821    0.0496898            0
      2.964      3.139          8     6.80715     55.2531    0.0873851     0.695422   0.00700967    -0.166948    0.0394677            0
      3.139      3.314          8     7.51209     80.8353     0.119683     0.499875  -0.00681775    -0.111802    0.0346057            0
      3.314      3.489          8     7.94609     59.7738   -0.0061461      0.55963    0.0324906    -0.129582    0.0310371            0
      3.489      3.664          8     8.42815     49.3111     0.268546     0.119441    0.0421313    0.0107431   0.00110381            0
      3.664      3.839          8     8.33364     35.9419      0.26623     0.103005    0.0324817     0.011725   0.00974038            0
      3.839      4.013          8     8.24729     27.4217     0.142258     0.175311     0.112503    0.0267242   -0.0421525            0
      4.013      4.191          8     7.51502     19.0659     0.481635   -0.0355053    -0.156839   -0.0407163     0.159095            0
      4.191      4.363          8     7.09316     21.7146    0.0745261     0.288189     0.220527    0.0322713    -0.151128            0
      4.363      4.538          8     5.92331     12.5167    -0.140405     0.448338            0            0            0            0
      4.538      4.716          8     3.97716     12.7959    -0.156019     0.462234            0            0            0            0
