     -4.889     -4.716          8      4.2309     10.6892     0.788762    0.0778421            0            0            0            0
     -4.716     -4.538          8     5.70073     11.8545     0.783473    0.0833823            0            0            0            0
     -4.538     -4.363          8      7.2938     14.8558     0.776615    0.0905077            0            0            0            0
     -4.363     -4.191          8     7.96337     20.4566     0.804352     0.257817  0.000272939    -0.057372     -0.01717            0
     -4.191     -4.013          8     8.83097     21.3635     0.729582     0.262812    0.0386476   -0.0355888   -0.0368278            0
     -4.013     -3.839          8      8.8768     46.3919      1.52395    -0.754915   -0.0504463     0.311005   -0.0637329            0
     -3.839     -3.664          8     9.12191       35.26     0.896695       0.1872   -0.0413798    -0.048621   0.00429498            0
     -3.664     -3.489          8      9.0769      42.963     0.894753      0.19841   -0.0239653   -0.0400477  -0.00347126            0
     -3.489     -3.314          8     8.58316     67.3319     0.946961     0.229653    -0.010586    -0.042045   -0.0201853            0
     -3.314     -3.139          8     8.40379     50.2872      1.10133     0.161565   -0.0713435   -0.0481091    0.0115572            0
     -3.139     -2.964          8     8.16178     77.0444      1.58306    -0.481812   -0.0218533     0.159731   -0.0435657            0
     -2.964     -2.853          8      8.5749     80.1192      1.52742    -0.517337    0.0129969     0.166721   -0.0455218            0
     -2.853      -2.65          8     8.77861      100.49      1.93649     -1.14173     0.103965     0.321556   -0.0984936            0
      -2.65       -2.5          8     9.03039     117.882      1.83326    -0.991898    0.0697884      0.27052   -0.0784911            0
       -2.5     -2.322          8     9.33408     152.546      1.54263     -0.67955     0.063189     0.177808   -0.0521069            0
     -2.322     -2.172          8     9.37259     155.041      1.48856    -0.642999    0.0677853     0.170477   -0.0510053            0
     -2.172     -2.043          8     9.64683     204.568      1.14409    -0.180279   0.00604018    0.0559067   -0.0146909            0
     -2.043      -1.93          8       9.635     206.832      1.05696   -0.0481367   -0.0145736    0.0261486   -0.0053343            0
      -1.93      -1.83          8      9.6676     203.144     0.989537    0.0531776   -0.0307387   0.00311284   0.00195138            0
      -1.83      -1.74          8     9.59455     203.064      1.11043    -0.118227   0.00236063    0.0390981   -0.0105637            0
      -1.74     -1.653          8     9.53426     203.112      1.00702     0.038326   -0.0287745   0.00283427   0.00178959            0
     -1.653     -1.566          8      9.5823     208.065     0.964586     0.101268   -0.0391356   -0.0150086   0.00762117            0
     -1.566     -1.479          8     9.58437     304.262      1.00978    0.0413411   -0.0321531 -0.000300544   0.00290749            0
     -1.479     -1.392          8     9.54091     308.328       1.1144   -0.0722735   -0.0162606    0.0192632  -0.00312862            0
     -1.392     -1.305          8     9.41707     309.104       1.1471    -0.105392   -0.0105797    0.0259923  -0.00517262            0
     -1.305     -1.218          8     9.31938      303.19      1.04358    0.0360132   -0.0341859 -0.000384248   0.00315094            0
     -1.218     -1.131          8     9.38104     305.073      1.11598    -0.060666   -0.0185778    0.0181146  -0.00253647            0
     -1.131     -1.044          8     9.42858      353.94      1.06346   -0.0165657   -0.0199673   0.00880959 -0.000205113            0
     -1.044     -0.957          8     9.57935     429.983      1.02316    0.0266503   -0.0256192  0.000647493    0.0019347            0
     -0.957     -0.879          8     9.58985     439.146      1.10024   -0.0844917  -0.00660344    0.0198218   -0.0037747            0
     -0.879     -0.783          8     9.71241     384.865     0.986303    0.0445075   -0.0249441  -0.00186617   0.00233985            0
     -0.783     -0.696          8     9.83188     418.424      1.01079   0.00296948   -0.0174392   0.00567073  7.76601e-05            0
     -0.696     -0.609          8      9.8577     433.607     0.994457    0.0127718   -0.0136942   0.00399485 -0.000149989            0
     -0.609     -0.522          8     10.0249     644.085     0.913146    0.0947425    -0.023745  -0.00825702   0.00328968            0
     -0.522     -0.435          8     9.95944     440.009     0.955997    0.0478372   -0.0190808 -0.000777563   0.00146506            0
     -0.435     -0.348          8     9.96848     452.436     0.941098    0.0535039   -0.0155823  -0.00166177   0.00118059            0
     -0.348     -0.261          8     10.0069     424.277     0.910341    0.0794628   -0.0149107   -0.0055878   0.00174544            0
     -0.261     -0.174          8     10.1824     440.146     0.888551      0.10576   -0.0214981  -0.00927739   0.00324828            0
     -0.174     -0.087          8     10.0544     622.218      0.91698    0.0778271   -0.0170675  -0.00591252   0.00214455            0
     -0.087          0          8     10.2148     437.087      0.82585     0.179994   -0.0301445   -0.0223907     0.006705            0
          0      0.087          8     10.1398     652.205      0.83195     0.173065   -0.0304293   -0.0196538   0.00591892            0
      0.087      0.174          8     10.0786     436.209     0.948654    0.0355907   -0.0107234   0.00200687 -5.09851e-05            0
      0.174      0.261          8     10.2318     655.804      0.87726     0.123335   -0.0246326     -0.01229    0.0040644            0
      0.261      0.348          8     10.0046     663.195     0.957663    0.0355867    -0.012965    0.0006862  0.000622923            0
      0.348      0.435          8     10.0865     426.151     0.905265     0.102208   -0.0239733   -0.0096585     0.003521            0
      0.435      0.522          8     9.99576     420.921     0.960244    0.0376638   -0.0148121  0.000895653  0.000611245            0
      0.522      0.609          8     9.74882     430.577     0.942002    0.0724261   -0.0234917  -0.00526382   0.00279677            0
      0.609      0.696          8     9.76888     550.926      1.01019  0.000542226   -0.0141022   0.00472242  6.98681e-05            0
      0.696      0.783          8     9.73731     422.283      1.02191   -0.0163996  -0.00972972   0.00895165  -0.00151699            0
      0.783      0.879          8     9.66121     409.482      1.02887   -0.0127232    -0.014461    0.0082231 -0.000756113            0
      0.879      0.957          8     9.72418      420.69     0.967637    0.0884545   -0.0346902    -0.011017   0.00536922            0
      0.957      1.044          8       9.561     456.142      1.02349    0.0299647    -0.028476  0.000309106   0.00233083            0
      1.044      1.131          8     9.63167     306.249     0.975968    0.0983534   -0.0368818   -0.0133457   0.00620124            0
      1.131      1.218          8     9.38583     433.746      1.08372   -0.0196373   -0.0218684   0.00863388  5.07025e-05            0
      1.218      1.305          8     9.34282     318.604     0.964667       0.1454   -0.0516376   -0.0213989   0.00952929            0
      1.305      1.392          8     9.36581     322.129      1.03606    0.0631269   -0.0424352  -0.00768039   0.00554757            0
      1.392      1.479          8      9.4721     310.473    -0.243978      3.21354     -2.86925       1.0805     -0.14653            0
      1.479      1.566          8     9.57224      285.88      1.04797   0.00655199   -0.0297926   0.00604362   0.00136136            0
      1.566      1.653          8     9.47988     294.644      1.13527   -0.0999172   -0.0117888    0.0265391  -0.00508662            0
      1.653       1.74          8     9.59245     287.059      1.03511     0.017736   -0.0294635   0.00596855   0.00129765            0
       1.74       1.83          8     9.53601     201.764      1.16291    -0.161303   0.00170693     0.047321   -0.0121468            0
       1.83       1.93          8     9.47654     202.964      1.13802    -0.143014   0.00392681    0.0453982   -0.0120846            0
       1.93      2.043          8     9.44541     193.841      1.13681    -0.132279  -0.00244118    0.0423718   -0.0104919            0
      2.043      2.172          8     9.41749     197.229      1.33689    -0.413762    0.0422761     0.104498   -0.0302047            0
      2.172      2.322          8     9.30955     193.508       1.4578    -0.575909    0.0641787     0.139976   -0.0409631            0
      2.322        2.5          8     9.22803     153.067      1.64895    -0.812153    0.0860554     0.207612   -0.0624819            0
        2.5       2.65          8     8.98217     116.206      1.74638    -0.885483     0.064181     0.243572    -0.071225            0
       2.65      2.853          8     8.77599     110.126       1.9556     -1.20209     0.131565     0.339834    -0.108177            0
      2.853      2.964          8     8.44285     80.4712      1.77627     -0.79379   0.00354361     0.233884   -0.0552142            0
      2.964      3.139          8     8.42666     57.5348      1.47222    -0.345459   -0.0191259     0.125147   -0.0402299            0
      3.139      3.314          8     8.55182     82.5257      1.22343   -0.0711127   -0.0254678    0.0380459   -0.0218396            0
      3.314      3.489          8     8.55611     61.1502      1.34753    -0.285504    -0.029133     0.114144   -0.0363618            0
      3.489      3.664          8     9.10338     47.9345     0.992745     0.132861    -0.079473   -0.0440385    0.0285214            0
      3.664      3.839          8     9.10567     36.7177      1.14116    0.0109588    -0.204165   -0.0684646     0.105903            0
      3.839      4.013          8     9.03675     27.9041     0.820708     0.216182   -0.0171189   -0.0478107  -0.00360234            0
      4.013      4.191          8     8.61768     20.6457     0.900661     0.187902   -0.0835216   -0.0790311    0.0443791            0
      4.191      4.363          8     8.01731     20.2278      0.73634     0.185923   -0.0381529   -0.0499106    0.0324761            0
      4.363      4.538          8     7.22392     14.0563      0.77761    0.0894013            0            0            0            0
      4.538      4.716          8     5.60531     13.7065     0.782031    0.0854081            0            0            0            0
