     -4.889     -4.716          8     4.42138     15.4967     0.726827      0.12465            0            0            0            0
     -4.716     -4.538          8     5.93643     10.6061     0.725932      0.12485            0            0            0            0
     -4.538     -4.363          8     7.28566     15.0866     0.723811     0.127145            0            0            0            0
     -4.363     -4.191          8     7.90666     21.0933     0.735442     0.290469    0.0483583   -0.0411436   -0.0473247            0
     -4.191     -4.013          8     8.77357     30.8365     0.631874     0.315352    0.0992863   -0.0208299   -0.0732886            0
     -4.013     -3.839          8     8.94401     39.0799     0.943255     0.113452   -0.0947422   -0.0475757    0.0436908            0
     -3.839     -3.664          8     9.04682     35.2792     0.879536     0.186634   -0.0373979   -0.0456028   0.00481188            0
     -3.664     -3.489          8     9.04269     42.6709      1.01769     0.114146   -0.0974171   -0.0471874    0.0404613            0
     -3.489     -3.314          8     8.52658     67.7466     0.810943     0.426743   -0.0313123    -0.111175   0.00475687            0
     -3.314     -3.139          8     8.13567     50.2872      1.21091     0.107415    -0.119955   -0.0555998    0.0315993            0
     -3.139     -2.964          8     8.10214     74.5463      1.55167    -0.432881   -0.0298527     0.143302   -0.0376989            0
     -2.964     -2.853          8      8.6106     80.6801      1.53969    -0.522306   0.00408841     0.163811   -0.0415969            0
     -2.853      -2.65          8     8.66904     102.096      2.13245     -1.45791      0.16258     0.409759    -0.129998            0
      -2.65       -2.5          8     8.89326     117.529      1.84003    -0.984213    0.0590437     0.265516   -0.0749396            0
       -2.5     -2.322          8      9.1075     152.464      1.64635    -0.821922     0.084486     0.210676   -0.0625947            0
     -2.322     -2.172          8     9.21389     155.874      1.49462    -0.654732    0.0720013     0.172192    -0.051863            0
     -2.172     -2.043          8     9.34537     203.324      1.19678    -0.255451    0.0220665    0.0705813   -0.0199073            0
     -2.043      -1.93          8      9.5479     208.526      1.19558    -0.223658   0.00855414    0.0631409   -0.0164273            0
      -1.93      -1.83          8     9.62197     202.755     0.991417    0.0460185   -0.0298889    0.0055377   0.00128685            0
      -1.83      -1.74          8     9.35024     204.051      1.10264    -0.102194  -0.00127042    0.0348728  -0.00909342            0
      -1.74     -1.653          8     9.40366     203.486      1.08642   -0.0788045  -0.00777533    0.0292495  -0.00688285            0
     -1.653     -1.566          8     9.49672     207.708     0.974247    0.0980418   -0.0416825    -0.015376   0.00816944            0
     -1.566     -1.479          8      9.4031     305.743      1.08888   -0.0548232   -0.0186192    0.0177462  -0.00240857            0
     -1.479     -1.392          8     9.40789     308.809      1.04287    0.0249889   -0.0332177   0.00038847   0.00278418            0
     -1.392     -1.305          8     9.25482     309.268      1.03853    0.0338244   -0.0318173 -0.000568057    0.0027797            0
     -1.305     -1.218          8     9.36104     301.602     0.996035    0.0945462   -0.0403094   -0.0137323    0.0070081            0
     -1.218     -1.131          8     9.33255     306.258      1.02782    0.0369942   -0.0295721  0.000465951   0.00234289            0
     -1.131     -1.044          8     9.24846      353.94      1.09546   -0.0492843   -0.0162388    0.0141627  -0.00166448            0
     -1.044     -0.957          8     9.37307     430.596      1.01809    0.0212696   -0.0214479   0.00231281   0.00109659            0
     -0.957     -0.879          8     9.32811      439.24      1.11266    -0.102037  -0.00348038    0.0229272  -0.00470746            0
     -0.879     -0.783          8     9.64932     385.656      1.00932    0.0119886   -0.0188238   0.00399414  0.000485406            0
     -0.783     -0.696          8     9.54853     418.713      1.05683   -0.0546141  -0.00876996    0.0155443  -0.00275626            0
     -0.696     -0.609          8     9.69261     433.865     0.992801    0.0147166   -0.0144897   0.00377422  -4.0193e-05            0
     -0.609     -0.522          8     9.84247     436.161     0.992818  -0.00224941  -0.00819395    0.0075994  -0.00141184            0
     -0.522     -0.435          8     9.67739     440.354     0.984835  -0.00133585   -0.0080905   0.00833578  -0.00150498            0
     -0.435     -0.348          8     9.91505     452.646     0.967523    0.0206449   -0.0100976   0.00397297 -0.000540943            0
     -0.348     -0.261          8      9.8452     427.239     0.976431   0.00113947  -0.00435621   0.00762023  -0.00189211            0
     -0.261     -0.174          8     9.88218     436.818     0.891633     0.104508   -0.0218244  -0.00923691   0.00326645            0
     -0.174     -0.087          8     9.95285     625.422     0.904156    0.0801426   -0.0115353  -0.00587481   0.00129951            0
     -0.087          0          8     9.95602      439.14     0.841885     0.156937   -0.0250682   -0.0180929   0.00520763            0
          0      0.087          8     9.86528     652.205     0.894947     0.100092   -0.0201814  -0.00792259   0.00262308            0
      0.087      0.174          8     9.94191     432.718     0.956193     0.019343   -0.0050418   0.00501264  -0.00135813            0
      0.174      0.261          8     9.98499     655.804     0.867507     0.135401   -0.0263496   -0.0138429   0.00442347            0
      0.261      0.348          8     9.89918     663.861     0.904309    0.0971822   -0.0221333  -0.00812059   0.00299467            0
      0.348      0.435          8      9.8748     430.028     0.898548     0.104904    -0.022257  -0.00951269   0.00314217            0
      0.435      0.522          8     9.87045     419.531     0.900007     0.103143   -0.0230724  -0.00951103   0.00343334            0
      0.522      0.609          8      9.6042     423.851     0.997672   0.00375983   -0.0123802   0.00636247 -0.000681794            0
      0.609      0.696          8     9.66158     550.926      0.93137    0.0889865   -0.0263155  -0.00848695   0.00360973            0
      0.696      0.783          8     9.73706     422.308      1.09147   -0.0997841   0.00123793    0.0231848  -0.00539673            0
      0.783      0.879          8     9.50372     410.306      1.01111   0.00556807   -0.0153238   0.00522146 -0.000179577            0
      0.879      0.957          8     9.47664     421.136     0.980952    0.0840801   -0.0369635   -0.0111445   0.00570649            0
      0.957      1.044          8      9.4217     456.267       1.1269   -0.0923467   -0.0112683    0.0208317   -0.0034369            0
      1.044      1.131          8     9.33139     305.245     0.971997    0.0995943   -0.0356541   -0.0131419   0.00590551            0
      1.131      1.218          8     9.12855     433.746      1.09232   -0.0268362   -0.0213283   0.00982952 -0.000265828            0
      1.218      1.305          8     9.11012      318.93      1.04214    0.0465958   -0.0353083  -0.00261908   0.00364613            0
      1.305      1.392          8     9.25295     322.887      1.01194    0.0900918   -0.0436645   -0.0143401   0.00726614            0
      1.392      1.479          8     9.31009     310.669      1.01437    0.0826886   -0.0463535   -0.0143151   0.00798081            0
      1.479      1.566          8     9.48951      286.22      1.08657   -0.0291587   -0.0277699    0.0121188 -0.000127317            0
      1.566      1.653          8      9.3874     294.644      1.08447   -0.0370384   -0.0212048     0.014627  -0.00149844            0
      1.653       1.74          8     9.29734     287.059     0.976418    0.0946581   -0.0377641    -0.012973   0.00685564            0
       1.74       1.83          8     9.28525     201.525      1.09271   -0.0657895   -0.0140896    0.0266322  -0.00538903            0
       1.83       1.93          8     9.32379     202.676      1.15544    -0.155274   0.00152673    0.0474272   -0.0120819            0
       1.93      2.043          8     9.16953     195.566       1.1683    -0.168328   0.00136149     0.049245   -0.0124079            0
      2.043      2.172          8       9.191     197.441      1.35492    -0.428799    0.0426836     0.106322   -0.0304916            0
      2.172      2.322          8     9.09853     195.374      1.43994    -0.536206    0.0527704     0.129644   -0.0368765            0
      2.322        2.5          8      9.0722     155.275      1.71529    -0.894847     0.096673     0.225575   -0.0679152            0
        2.5       2.65          8     8.68653      116.92      1.87493     -1.06201    0.0893054     0.287144   -0.0854677            0
       2.65      2.853          8     8.74304     110.864      2.02466      -1.2986     0.139905     0.364533    -0.114929            0
      2.853      2.964          8     8.53592     80.7696      1.68726    -0.683284  -0.00437901     0.202082   -0.0468813            0
      2.964      3.139          8     8.17295     57.7631       1.5407    -0.410952   -0.0311213     0.137726   -0.0377023            0
      3.139      3.314          8     8.37271      82.424      1.23772    -0.076296   -0.0324214    0.0358168   -0.0181959            0
      3.314      3.489          8     8.45443     58.7827      1.32782    -0.266083   -0.0316388     0.107824   -0.0320087            0
      3.489      3.664          8     8.84828     47.4342      1.06147     0.107082    -0.109156   -0.0528656    0.0365516            0
      3.664      3.839          8     8.99437     37.6869      1.00041     0.122992    -0.103777   -0.0584629     0.037883            0
      3.839      4.013          8     9.08747     27.8104     0.828023     0.207347    -0.026015   -0.0503635  0.000676653            0
      4.013      4.191          8     8.45241     20.5594      1.51566    -0.188663    -0.572687    -0.210536     0.399244            0
      4.191      4.363          8     7.96168     19.9831      1.13573    0.0695675    -0.256133     -0.13407     0.158064            0
      4.363      4.538          8     7.43417     14.5015     0.723895     0.127022            0            0            0            0
      4.538      4.716          8     5.87073     14.1467     0.725112     0.125935            0            0            0            0
