     -4.889     -4.716          8     3.36854     9.25352    -0.341542     0.614713            0            0            0            0
     -4.716     -4.538          8     4.59361     10.3857    -0.307435     0.576757            0            0            0            0
     -4.538     -4.363          8     5.71591     19.4621    -0.159997      0.20479     0.232252    0.0841301    -0.093937            0
     -4.363     -4.191          8     6.54878     19.2192    0.0877635     0.209757     0.165167    0.0427698   -0.0848848            0
     -4.191     -4.013          8     7.75192     28.1335   -0.0954977     0.300907     0.262543    0.0632229    -0.125028            0
     -4.013     -3.839          8      7.9233     37.2517     0.172317     0.129882    0.0703179    0.0232453  -0.00428125            0
     -3.839     -3.664          8     8.19328     33.7548     0.259367     0.073976     0.016711    0.0168523    0.0303107            0
     -3.664     -3.489          8     8.30728      41.914    0.0791515     0.221949     0.142624    0.0277737   -0.0492937            0
     -3.489     -3.314          8     7.80139     66.2134    -0.389306      1.01247    0.0615512    -0.249925    0.0363643            0
     -3.314     -3.139          8     7.22174      47.319     0.014572     0.680921   -0.0309881    -0.200625    0.0714414            0
     -3.139     -2.964          8     6.43592      70.818     0.101341     0.705603   -0.0560868    -0.170197    0.0641296            0
     -2.964     -2.853          8     5.75327     72.9862     0.183209     0.744709   -0.0831663    -0.187733    0.0700772            0
     -2.853      -2.65          8     5.43752     92.7435     0.458907     0.400807    -0.103036   -0.0895486    0.0479837            0
      -2.65       -2.5          8     5.31847      102.17      0.50211     0.385532   -0.0980531    -0.086327    0.0423829            0
       -2.5     -2.322          8     5.32306     128.385     0.584282     0.290934   -0.0690854    -0.053119    0.0259949            0
     -2.322     -2.172          8     4.97597     135.099     0.571689      0.42386    -0.109128   -0.0872482    0.0380739            0
     -2.172     -2.043          8     4.93148     174.139   -0.0399939      2.75819     -2.84167      1.22466    -0.186381            0
     -2.043      -1.93          8     4.63847     178.841    -0.927145       5.4057     -5.39727      2.24983    -0.333815            0
      -1.93      -1.83          8     4.46826     171.598     -1.05597      5.76581     -5.61873      2.29027    -0.333583            0
      -1.83      -1.74          8     4.22767     169.522    -0.451672      4.57981     -4.69285       1.9721    -0.294762            0
      -1.74     -1.653          8     4.25386      167.67     -1.08116      6.17524     -6.05465      2.45455    -0.355139            0
     -1.653     -1.566          8     4.19582     258.335    -0.786666      5.33492     -5.12276      2.01128    -0.280198            0
     -1.566     -1.479          8     4.34944     248.217    -0.547073      4.91633     -4.84043       1.9355    -0.274002            0
     -1.479     -1.392          8     4.18346     256.948    -0.464844      4.69635     -4.59312      1.82605    -0.257159            0
     -1.392     -1.305          8     4.12039     259.355    -0.766843      5.35084     -5.05941      1.95937    -0.269759            0
     -1.305     -1.218          8     4.06032     243.455    -0.606151      5.18471       -5.142      2.07616    -0.296515            0
     -1.218     -1.131          8     4.25553     257.122     0.043227      3.27817     -3.28094      1.32511    -0.188951            0
     -1.131     -1.044          8      4.3545     332.356    -0.484365      4.32478     -4.02322      1.53721    -0.208345            0
     -1.044     -0.957          8     4.33602     394.879     0.415574      1.90812     -1.81347     0.691913   -0.0931069            0
     -0.957     -0.879          8     4.34972     396.264    0.0781504      2.74317     -2.59251     0.996695    -0.134896            0
     -0.879     -0.783          8     4.48569     333.999   -0.0980198      2.96547     -2.69763      1.02008    -0.137543            0
     -0.783     -0.696          8     4.57294     367.886     -0.12217      2.99934     -2.75805       1.0533    -0.142466            0
     -0.696     -0.609          8     4.63822     369.388    -0.743324      4.19255     -3.57287      1.28623    -0.165871            0
     -0.609     -0.522          8     4.82078     384.923    -0.577395      3.84144     -3.33909      1.22519    -0.160472            0
     -0.522     -0.435          8     5.03748     388.265    -0.541555         3.63     -3.09643      1.12187    -0.145504            0
     -0.435     -0.348          8     5.00212     387.748    -0.478771       3.3051     -2.73083     0.968527    -0.123706            0
     -0.348     -0.261          8     5.18691      365.51    -0.434179      3.22895     -2.69648     0.966667    -0.124782            0
     -0.261     -0.174          8     5.25881     479.788    -0.479861      3.26984     -2.68752     0.945815    -0.119257            0
     -0.174     -0.087          8     5.19833     563.075    -0.342681      2.90093     -2.35616     0.820897    -0.102253            0
     -0.087          0          8     5.11773      377.89    -0.573219      3.45698     -2.84088      1.00583    -0.128347            0
          0      0.087          8     5.16564     607.506    -0.329094      2.82775     -2.26572     0.780025   -0.0960473            0
      0.087      0.174          8     5.22185      394.29    -0.375314      3.03493     -2.52388     0.903595    -0.116313            0
      0.174      0.261          8     5.12967     576.891    -0.339402      2.90232     -2.34264     0.809443    -0.100059            0
      0.261      0.348          8     5.24005     577.741    -0.287708      2.84249     -2.31659     0.805155   -0.0999147            0
      0.348      0.435          8     4.92536      374.48    -0.340736       3.1427     -2.69613     0.984735    -0.128874            0
      0.435      0.522          8     4.89812     369.003   -0.0731918      2.56064     -2.23218     0.826428    -0.109392            0
      0.522      0.609          8     4.87886     373.549    0.0352844      2.45938     -2.22113     0.840104    -0.112762            0
      0.609      0.696          8     4.68872     478.686     -0.40413      3.49046     -3.04393      1.11014    -0.143695            0
      0.696      0.783          8     4.58715     361.753    -0.601081      3.99343     -3.49022      1.28295    -0.168523            0
      0.783      0.879          8     4.59065     365.455    -0.428237       3.8852     -3.55435       1.3456    -0.180668            0
      0.879      0.957          8     4.43942     319.816   -0.0816149      3.13113     -2.95134      1.14321    -0.157004            0
      0.957      1.044          8     4.28521     377.214    -0.218616      3.73565     -3.57978      1.39053    -0.189944            0
      1.044      1.131          8     4.19887     253.898    -0.514397      4.54108     -4.34898      1.71249    -0.239679            0
      1.131      1.218          8     4.15475      369.06    0.0788711       3.0489     -2.93464      1.13767    -0.155321            0
      1.218      1.305          8     4.05629     261.744     0.306318      2.66939     -2.72164      1.10311    -0.157587            0
      1.305      1.392          8     4.12675     257.975    -0.153667      3.92728     -3.92058       1.5795    -0.224757            0
      1.392      1.479          8     4.07198     257.847    0.0818516      3.45232     -3.58636      1.48047    -0.214316            0
      1.479      1.566          8     4.09235     222.242    -0.123798      4.02031     -4.15614      1.71933    -0.250973            0
      1.566      1.653          8     4.14843     256.228    -0.465111      4.70713      -4.6464      1.85435    -0.261866            0
      1.653       1.74          8      4.1169     233.246    -0.437939      4.64173     -4.62781      1.87107    -0.267955            0
       1.74       1.83          8     4.09512     168.402    -0.652602      5.41625     -5.62143      2.37742    -0.356855            0
       1.83       1.93          8     4.26789     167.431    -0.176174       3.8719       -4.108      1.77328    -0.270618            0
       1.93      2.043          8     4.49871     165.093     -1.24621      6.41194     -6.42233      2.68215    -0.399189            0
      2.043      2.172          8     4.65669     171.248    -0.169174      3.30508     -3.46406       1.5055     -0.23084            0
      2.172      2.322          8     4.98194     171.113     -0.19868      3.01836     -3.09441      1.34447    -0.206332            0
      2.322        2.5          8     5.19256     127.114      0.13381      1.92773     -2.05491     0.946368     -0.15307            0
        2.5       2.65          8     5.33409     103.376     0.623042     0.162236   -0.0277738   -0.0215922    0.0122379            0
       2.65      2.853          8     5.57176     105.698     0.594263     0.115812 -0.000305061  -0.00471617   0.00405871            0
      2.853      2.964          8     5.77347     68.4302     0.137742     0.784792   -0.0751683    -0.195489    0.0700991            0
      2.964      3.139          8     6.51789     57.2122    0.0230465     0.808959   -0.0294966    -0.213829    0.0667354            0
      3.139      3.314          8     7.43293     81.5999    -0.106412     0.770289  -0.00581463    -0.184156    0.0466285            0
      3.314      3.489          8     7.79358     57.8603    -0.178816     0.766923    0.0280114    -0.195204    0.0490974            0
      3.489      3.664          8     8.22283     44.9887     0.166943     0.165952     0.089697    0.0196064   -0.0206745            0
      3.664      3.839          8     8.02398      23.036     0.154493     0.166375     0.105267    0.0268977   -0.0381816            0
      3.839      4.013          8     8.27337     25.7216    0.0809735     0.185789     0.138972    0.0398897   -0.0504746            0
      4.013      4.191          8     7.41588     21.7148     0.289305    0.0494963   -0.0143753    0.0119764    0.0644139            0
      4.191      4.363          8     6.88452     18.6368     0.304138    0.0791738  -0.00710487  0.000694704    0.0486688            0
      4.363      4.538          8     5.78388     12.4385    -0.279448     0.546252            0            0            0            0
      4.538      4.716          8       4.068     10.8362    -0.316428     0.584359            0            0            0            0
