     -4.716     -4.538          8     4.80734     9.64725    -0.253872     0.534405            0            0            0            0
     -4.538     -4.363          8     6.36097     12.1892      -0.2277     0.505637            0            0            0            0
     -4.363     -4.191          8     7.12282     19.5549      0.19262     0.120751    0.0631459    0.0249396   0.00284491            0
     -4.191     -4.013          8     8.18734     27.8763    -0.112814     0.331527     0.288139     0.058954      -0.1625            0
     -4.013     -3.839          8     8.50189     45.1671     0.101053     0.176976      0.11217    0.0257936   -0.0305022            0
     -3.839     -3.664          8     8.46417     33.4499     0.211987     0.115862    0.0533139    0.0188524    0.0023846            0
     -3.664     -3.489          8     8.42612     40.3617     0.194622     0.137637    0.0698755      0.02093   -0.0056492            0
     -3.489     -3.314          8      7.9617     64.0545   0.00486312     0.546264   0.00227471     -0.13459    0.0492454            0
     -3.314     -3.139          8     7.40395     46.7395   -0.0153387     0.662122  -0.00450907    -0.182431    0.0563837            0
     -3.139     -2.964          8      6.5268     62.0538     0.129659     0.634651   -0.0291353    -0.160876    0.0602587            0
     -2.964     -2.853          8     5.77728     70.4881     0.176723     0.719122   -0.0563024    -0.174199    0.0608217            0
     -2.853      -2.65          8     5.54181     88.9386     0.514261     0.229095   -0.0359193   -0.0352776    0.0219503            0
      -2.65       -2.5          8     5.34981      100.19     0.685312    0.0488907   -0.0207952   0.00683554   0.00824678            0
       -2.5     -2.322          8      5.3128     129.472     0.579814     0.259736    -0.058432   -0.0429677     0.023361            0
     -2.322     -2.172          8     5.03543     134.393     0.599298     0.338374   -0.0844862   -0.0651712    0.0302735            0
     -2.172     -2.043          8     4.84314     172.805     0.795576     0.179351   -0.0707886   -0.0304144    0.0183937            0
     -2.043      -1.93          8     4.62525     173.874    -0.348293      3.71776     -3.72689      1.56182    -0.232616            0
      -1.93      -1.83          8     4.35082     172.145    -0.178661      3.64247     -3.78859      1.61878    -0.244569            0
      -1.83      -1.74          8     4.23005     168.154    -0.109985      3.57638     -3.68094      1.54754    -0.231119            0
      -1.74     -1.653          8     4.09523     167.458     -0.67961      5.22411      -5.2608      2.17562    -0.320035            0
     -1.653     -1.566          8     4.06826     255.016    -0.478891      4.58142     -4.46178      1.76528    -0.247238            0
     -1.566     -1.479          8     4.21809     252.544    -0.366241      4.40282     -4.30851       1.7053    -0.238925            0
     -1.479     -1.392          8     4.01855     252.104     0.177761      3.13855     -3.24649      1.33251     -0.19196            0
     -1.392     -1.305          8     3.99068     266.857     -0.21111      4.04744      -3.9535      1.55884    -0.217513            0
     -1.305     -1.218          8      3.9326     240.644    -0.107837      3.91637     -3.98393      1.62837    -0.234497            0
     -1.218     -1.131          8     4.15329     255.784    -0.164421      3.71907     -3.61309      1.43078    -0.200812            0
     -1.131     -1.044          8     4.14671     331.735     0.464952      2.04611     -2.07668     0.831308    -0.116222            0
     -1.044     -0.957          8     4.22927     393.613     0.505999      1.62468     -1.52819     0.576463   -0.0768988            0
     -0.957     -0.879          8     4.23474     394.103     0.569979      1.46046     -1.43713     0.562137   -0.0767214            0
     -0.879     -0.783          8     4.40474     332.904    -0.242462      3.32735     -3.02105      1.14097    -0.153308            0
     -0.783     -0.696          8     4.53281     366.699     0.355386      1.75631     -1.63591     0.629257   -0.0853563            0
     -0.696     -0.609          8     4.59691     366.426    -0.415286      3.49885     -3.05783       1.1242    -0.147433            0
     -0.609     -0.522          8      4.7504     379.797    -0.546481      3.69595     -3.16859      1.14923     -0.14885            0
     -0.522     -0.435          8      4.9011     390.314    -0.314378      3.12211     -2.67025     0.966822    -0.125111            0
     -0.435     -0.348          8     4.93269     385.699    0.0139417      2.20548     -1.85219     0.668435   -0.0865985            0
     -0.348     -0.261          8     5.01991     364.804    -0.159935      2.64229     -2.22774     0.803667    -0.104171            0
     -0.261     -0.174          8     5.10165     391.757    -0.402789      3.09841     -2.55545     0.905374    -0.115253            0
     -0.174     -0.087          8     4.96068     559.305    0.0992721      1.90296     -1.55663     0.549399   -0.0690994            0
     -0.087          0          8     4.99806     378.023    -0.298624      2.78684     -2.26288     0.795442    -0.100924            0
          0      0.087          8     5.08994     604.145   -0.0725813      2.27377     -1.83135     0.633957   -0.0782635            0
      0.087      0.174          8     4.98928     386.387   -0.0548748      2.29013     -1.90549     0.685529    -0.088636            0
      0.174      0.261          8     5.00634     573.897   -0.0405113      2.21886     -1.78649     0.617818   -0.0763877            0
      0.261      0.348          8     4.98743     575.513   -0.0647889      2.34125     -1.90997      0.66482   -0.0825039            0
      0.348      0.435          8     4.77683      372.92     0.103727      2.04608     -1.73819     0.631978   -0.0825112            0
      0.435      0.522          8      4.7862     369.429     0.331468      1.63529     -1.46069      0.55017     -0.07357            0
      0.522      0.609          8     4.71589     371.179   -0.0791789      2.70729     -2.41394     0.903908    -0.120287            0
      0.609      0.696          8     4.59667     477.924     0.136503      2.20799     -1.97085     0.731242   -0.0956988            0
      0.696      0.783          8      4.6236     344.537    0.0555523       2.5299     -2.32663     0.888508    -0.120252            0
      0.783      0.879          8     4.38079     363.079     0.126602      2.49233     -2.34089     0.901538     -0.12246            0
      0.879      0.957          8     4.34942     326.252    -0.186667      3.37164     -3.15396      1.21468    -0.165677            0
      0.957      1.044          8     4.22209     375.496     0.134051      2.78592     -2.70721      1.05729    -0.144684            0
      1.044      1.131          8     4.15871     255.936    -0.312624      4.02248     -3.86959      1.52401     -0.21293            0
      1.131      1.218          8     4.05052     365.288     0.167359      2.88992     -2.82831      1.10637    -0.151804            0
      1.218      1.305          8     3.95763     261.543     0.692899      1.68195     -1.83892     0.769174    -0.111827            0
      1.305      1.392          8     3.97015     256.723     0.271934      2.90598     -3.04087      1.25623    -0.181675            0
      1.392      1.479          8     3.92936     255.278     0.243965      2.98295     -3.12061      1.28997    -0.186701            0
      1.479      1.566          8     4.01576     225.554   -0.0978289      3.86898     -3.93748      1.60566    -0.231348            0
      1.566      1.653          8     4.05458     255.497     0.192968      3.15848     -3.32352      1.36866    -0.197336            0
      1.653       1.74          8     3.95557     230.628     0.221252      2.89168     -3.01518      1.24711    -0.181474            0
       1.74       1.83          8     4.01201     168.298     0.413614      2.42589     -2.72133      1.19705    -0.184442            0
       1.83       1.93          8     4.19813     169.568     0.326441      2.46663     -2.73099      1.20315    -0.185494            0
       1.93      2.043          8     4.40852      164.95   -0.0183788      3.23179       -3.532      1.56807    -0.243919            0
      2.043      2.172          8     4.63652      172.11     0.293329      2.04435     -2.28306      1.03758     -0.16312            0
      2.172      2.322          8     4.87327     166.773      0.89922    -0.113498    0.0196382    0.0377398  -0.00849745            0
      2.322        2.5          8     5.20404     131.133     0.598064     0.278518    -0.136483    0.0228682   0.00631605            0
        2.5       2.65          8      5.3654      101.71     0.634081      0.10031   -0.0107975  -0.00486004   0.00813859            0
       2.65      2.853          8     5.54271     100.958     0.598603    0.0724564     0.014559    0.0115431   -0.0014006            0
      2.853      2.964          8     5.67715     73.6343      0.13199     0.763087   -0.0521762    -0.180612     0.057537            0
      2.964      3.139          8     6.67173      55.394    0.0453485     0.736551     -0.01607    -0.187752    0.0573055            0
      3.139      3.314          8     7.47019     80.8353  -0.00469311     0.622801  -0.00854161    -0.144278    0.0433007            0
      3.314      3.489          8     7.89737     59.8912   -0.0759535     0.642196    0.0188334    -0.161823    0.0444314            0
      3.489      3.664          8     8.30488     49.3111     0.221195     0.124596    0.0545331    0.0159087 -0.000913668            0
      3.664      3.839          8     8.22182     35.8106     0.237565     0.101215    0.0371497    0.0146441   0.00953507            0
      3.839      4.013          8     8.32542     27.3317     0.258086    0.0712851   0.00935686     0.012106    0.0341763            0
      4.013      4.191          8     7.89893     19.3775     0.106859     0.167541     0.128977    0.0435856   -0.0467942            0
      4.191      4.363          8     7.22116     19.8416   -0.0175901     0.293797     0.264696    0.0621711    -0.169366            0
      4.363      4.538          8     6.07912     12.5448    -0.229312     0.506729            0            0            0            0
      4.538      4.716          8     4.12254     13.4797    -0.252692     0.526363            0            0            0            0
