     -4.889     -4.716          8     3.34527     8.41256   -0.0769394     0.394031            0            0            0            0
     -4.716     -4.538          8     4.45747     9.72587   -0.0748131     0.391419            0            0            0            0
     -4.538     -4.363          8     5.79151     10.7447    0.0945271     0.082412    0.0643376    0.0449752    0.0276714            0
     -4.363     -4.191          8     6.66678     19.1085     0.320843     0.130025    0.0294777  -0.00060385   0.00578694            0
     -4.191     -4.013          8     7.52382     29.3282     0.122047      0.23758     0.156333    0.0222252   -0.0840237            0
     -4.013     -3.839          8     7.85046     45.6376     0.477364   -0.0415837   -0.0941789   0.00448813    0.0893577            0
     -3.839     -3.664          8     8.06706     33.9153     0.400057    0.0476455   -0.0335822  -0.00416586    0.0417619            0
     -3.664     -3.489          8     8.12175     41.3915     0.207153     0.183008    0.0926504    0.0145461   -0.0298379            0
     -3.489     -3.314          8     7.80068     66.2134   -0.0732681     0.667323    0.0586047      -0.1497    0.0109904            0
     -3.314     -3.139          8      7.3096      47.319     0.387655     0.156698     0.042028 -0.000276144   -0.0104639            0
     -3.139     -2.964          8     6.56226     63.9494     0.357657     0.404317   -0.0216849     -0.09362    0.0368348            0
     -2.964     -2.853          8     5.97594     69.2666     0.400641     0.434674   -0.0363732   -0.0962859    0.0376756            0
     -2.853      -2.65          8      5.7818     95.4361     0.649888     0.150285   -0.0546385   -0.0278792    0.0221369            0
      -2.65       -2.5          8     5.57975     101.892     0.595214     0.326251    -0.110448   -0.0807454    0.0443922            0
       -2.5     -2.322          8     5.53503     129.377     0.588324     0.384834      -0.1219    -0.086213    0.0438186            0
     -2.322     -2.172          8     5.11746     134.052     0.651829     0.382786    -0.123248   -0.0863079    0.0411302            0
     -2.172     -2.043          8     5.09875     173.341    -0.267359      3.41714     -3.44021      1.43929    -0.212408            0
     -2.043      -1.93          8     4.80736       172.8    -0.609676      4.59821     -4.59841      1.89961    -0.277343            0
      -1.93      -1.83          8     4.65071     170.554    -0.336805      3.96421     -3.96445      1.63071    -0.237161            0
      -1.83      -1.74          8     4.49463     168.714    -0.118377        3.594     -3.63062      1.48674    -0.215385            0
      -1.74     -1.653          8     4.50716     165.591    -0.569472       4.7424     -4.58543       1.8101    -0.253046            0
     -1.653     -1.566          8     4.41481     257.484    -0.399646      4.22901     -3.99772      1.52937    -0.206407            0
     -1.566     -1.479          8     4.53175      247.78    -0.097647      3.53569      -3.3995      1.31597     -0.17985            0
     -1.479     -1.392          8     4.35458     254.801     -0.16389      3.89284     -3.80339      1.49172    -0.205812            0
     -1.392     -1.305          8     4.30593     259.343    -0.460936      4.20878     -3.75114      1.36283    -0.174923            0
     -1.305     -1.218          8     4.28838     241.948     -0.32678      4.21915      -4.0658      1.58866    -0.218711            0
     -1.218     -1.131          8     4.43509     254.757    0.0580231      3.10821     -3.00953      1.17574    -0.161877            0
     -1.131     -1.044          8      4.4742     332.225   -0.0859845      3.27192     -3.03589      1.14399    -0.151833            0
     -1.044     -0.957          8      4.6161     394.352     0.578348      1.45268     -1.37094     0.512549    -0.067253            0
     -0.957     -0.879          8     4.63859     396.965     0.317349      2.06266     -1.92401     0.723918   -0.0954178            0
     -0.879     -0.783          8     4.68747     333.999   0.00246138      2.72411     -2.46303     0.917202    -0.120755            0
     -0.783     -0.696          8      4.9423     371.121     0.133362      2.30234     -2.08582     0.780211    -0.102703            0
     -0.696     -0.609          8     4.97072     367.308     -0.37537      3.23666     -2.69556     0.943564    -0.117343            0
     -0.609     -0.522          8     5.18472     565.963    -0.287108      2.90196     -2.35522      0.80652   -0.0977121            0
     -0.522     -0.435          8     5.34219     387.654    -0.409646      3.17557     -2.59435     0.898274     -0.11063            0
     -0.435     -0.348          8      5.3968     383.187     -0.17529      2.52211     -2.01819     0.692857   -0.0850704            0
     -0.348     -0.261          8     5.52286     366.805    -0.188342      2.58519      -2.0923     0.724993   -0.0898028            0
     -0.261     -0.174          8     5.54967     374.056    -0.330764      2.80249     -2.21103     0.749236   -0.0907613            0
     -0.174     -0.087          8     5.52842     566.218     -0.22687      2.57236     -2.03385     0.688667   -0.0827743            0
     -0.087          0          8     5.50668     376.746    -0.302405       2.7014     -2.11188     0.711217   -0.0857052            0
          0      0.087          8     5.51388     606.916    -0.263534      2.56418     -1.96993     0.651254   -0.0765886            0
      0.087      0.174          8     5.54337     391.186    -0.275526      2.72225     -2.19311     0.758397   -0.0935613            0
      0.174      0.261          8     5.49126     576.399   -0.0126771      2.07081     -1.60798     0.537456   -0.0640177            0
      0.261      0.348          8     5.50441     575.828    -0.252868      2.61445     -2.02593     0.671117   -0.0791097            0
      0.348      0.435          8     5.32074     374.518    -0.247188      2.73138     -2.20499     0.759492     -0.09342            0
      0.435      0.522          8     5.10721     368.822   -0.0897114      2.43205     -1.98782     0.692448   -0.0862137            0
      0.522      0.609          8     5.19335     372.794    -0.125206      2.61239     -2.18599     0.774096   -0.0975956            0
      0.609      0.696          8     4.97316     481.965    -0.262871      3.05177     -2.59542     0.921887    -0.115564            0
      0.696      0.783          8     4.77633     358.314    -0.036115      2.61002     -2.27671      0.82844    -0.106889            0
      0.783      0.879          8     4.80293     364.716    -0.287953      3.39788      -3.0118      1.10266      -0.1426            0
      0.879      0.957          8     4.71793     318.953    0.0456819       2.7052     -2.47633     0.928462    -0.123046            0
      0.957      1.044          8     4.52277     376.735   -0.0993022      3.32743     -3.12095       1.1824    -0.156968            0
      1.044      1.131          8      4.4662     254.392     0.064186      2.96603     -2.83184        1.096     -0.14984            0
      1.131      1.218          8     4.31201     370.036     0.119938      2.93392     -2.79718      1.06659    -0.142364            0
      1.218      1.305          8     4.18311     263.988     0.377739      2.38929     -2.37773     0.936699     -0.12972            0
      1.305      1.392          8      4.3123     253.615    -0.267137      4.04102     -3.86068      1.49261    -0.203441            0
      1.392      1.479          8     4.30967      256.83   -0.0380761      3.44068      -3.3319      1.29908    -0.178425            0
      1.479      1.566          8     4.36577     222.835    -0.459043      4.57117     -4.37297      1.69172    -0.231068            0
      1.566      1.653          8     4.32116     255.497     -0.19216      3.86401     -3.74954      1.45852    -0.199826            0
      1.653       1.74          8     4.24755     232.617    -0.183173       3.9429     -3.92831      1.56899    -0.220343            0
       1.74       1.83          8      4.2822     167.331    -0.489676      4.59821     -4.49906      1.78975    -0.251896            0
       1.83       1.93          8     4.42209     169.084      0.21389      2.77348     -2.96288      1.26103    -0.188254            0
       1.93      2.043          8      4.7285     162.945    -0.365155      4.16053     -4.32754      1.84024    -0.275602            0
      2.043      2.172          8     4.82846     166.817    0.0602001      2.81036     -3.00045      1.29977    -0.196838            0
      2.172      2.322          8     5.08154     169.644     0.816387      0.14831   -0.0788926   -0.0278299    0.0206564            0
      2.322        2.5          8     5.35823     130.657     0.786348     0.092154   -0.0559484   -0.0141633    0.0156905            0
        2.5       2.65          8     5.49822     102.667     0.624178     0.272342   -0.0898426   -0.0636601     0.035411            0
       2.65      2.853          8     5.86715     105.238     0.635909     0.105845   -0.0118226  -0.00742894   0.00662326            0
      2.853      2.964          8     5.88978     69.4416     0.400804     0.448384   -0.0406494    -0.101801    0.0374741            0
      2.964      3.139          8     6.59688     56.8349     0.339605     0.424056   -0.0184569   -0.0984912     0.037295            0
      3.139      3.314          8     7.54339     81.5999     0.144322     0.494386    0.0103931    -0.104952    0.0213195            0
      3.314      3.489          8     7.71603     59.9953     0.147541     0.420587    0.0178282   -0.0940596    0.0252096            0
      3.489      3.664          8     8.07377     46.5062     0.314148     0.122864     0.033787   0.00334736  -0.00276021            0
      3.664      3.839          8     8.07469      35.659     0.412891    0.0276647   -0.0475193  -0.00317487    0.0531049            0
      3.839      4.013          8      8.0646     26.0682      0.27035     0.120991    0.0405318   0.00747217  -0.00100836            0
      4.013      4.191          8     7.22215     19.2095     0.386075     0.066254   -0.0432018   -0.0183987     0.059809            0
      4.191      4.363          8     6.77967     18.5225     0.225741     0.181697     0.101867    0.0190514   -0.0481892            0
      4.363      4.538          8     5.80805     12.0676   -0.0717398     0.387919            0            0            0            0
      4.538      4.716          8      4.1771     12.2249    -0.074135      0.39009            0            0            0            0
