     -5.191     -4.013          8          10         100            1            0            0            0            0            0
     -4.013     -3.489          8     5.88894      13.695   -0.0436135     0.380092            0            0            0            0
     -3.489     -2.964          8     6.90191     19.8257     0.340807     0.183468    0.0776845    0.0196374  -0.00581469            0
     -2.964     -2.853          8     6.14205     18.7185     0.587614     0.156793    -0.023018   -0.0217765    0.0607683            0
     -2.853      -2.65          8     6.11958     27.5138     0.586932     0.158648  -0.00974099   -0.0268488   0.00639563            0
      -2.65       -2.5          8     5.90637     35.6736     0.699425    0.0916049   -0.0647725    -0.027513    0.0384642            0
       -2.5     -2.322          8     5.81199     42.1612     0.732349    0.0809173   -0.0632883   -0.0203115    0.0383345            0
     -2.322     -2.172          8     5.61958     56.4334     0.715434      0.22443   -0.0920721   -0.0737405    0.0507788            0
     -2.172     -2.043          8     5.22813     62.0312     0.981763   -0.0144034    -0.122455   -0.0186157    0.0550416            0
     -2.043      -1.93          8     5.15618     76.6389     0.828684     0.262631    -0.115728   -0.0842074     0.048283            0
      -1.93      -1.83          8     4.88675     93.9771     0.965444     0.224086    -0.138359   -0.0771975    0.0494988            0
      -1.83      -1.74          8     4.74162     77.2114     0.917696     0.321177    -0.138298   -0.0977549    0.0499661            0
      -1.74     -1.653          8     4.54811     85.4061     0.676638     0.854318    -0.309508    -0.253296     0.124952            0
     -1.653     -1.566          8     4.65761     89.6608      0.94325     0.496051    -0.234174    -0.157535     0.081242            0
     -1.566     -1.479          8     4.45861     119.496      1.07463     0.236205    -0.142602    -0.066766    0.0381353            0
     -1.479     -1.392          8     4.47934     117.663      0.18715      3.27318     -3.66248      1.63868    -0.257145            0
     -1.392     -1.305          8     4.31282      125.19      1.38512    -0.186386   -0.0553846    0.0336342   0.00111803            0
     -1.305     -1.218          8     4.28558     116.322       1.0339     0.361568    -0.182475   -0.0991093    0.0523913            0
     -1.218     -1.131          8     4.51151     115.411       1.4276     -0.29027   -0.0278284    0.0599693  -0.00946629            0
     -1.131     -1.044          8     4.46175     190.663    0.0707529      3.20687     -3.35364      1.41674    -0.208958            0
     -1.044     -0.957          8     4.60658     123.149      1.17706   -0.0589046   -0.0486382    0.0124438   0.00430888            0
     -0.957     -0.879          8     4.68763     181.804     0.714839      1.29561     -1.49286     0.660514    -0.099861            0
     -0.879     -0.783          8      4.8767     166.552     0.839181      0.40027    -0.145949   -0.0868879    0.0406452            0
     -0.783     -0.696          8     5.00747     173.032      1.00635    0.0742105   -0.0535651   -0.0144705    0.0111906            0
     -0.696     -0.609          8     5.06158      173.12     0.914208      0.18494   -0.0798748   -0.0354554    0.0199088            0
     -0.609     -0.522          8     5.12123     174.994     0.687461     0.480154    -0.126766   -0.0956676    0.0387213            0
     -0.522     -0.435          8     5.30199     177.576     0.590764     0.568307    -0.127069    -0.111099    0.0412605            0
     -0.435     -0.348          8     5.29645     179.288     0.631559     0.490133    -0.108151   -0.0932129    0.0345381            0
     -0.348     -0.261          8     5.45853     179.546      0.47568     0.677316    -0.139084    -0.132456    0.0481467            0
     -0.261     -0.174          8     5.47835     183.499       0.4827     0.669985     -0.13695     -0.13057     0.047133            0
     -0.174     -0.087          8     5.44672     177.716      0.61022     0.459412   -0.0873556   -0.0833152    0.0292815            0
     -0.087          0          8     5.56956     174.643     0.424905     0.725959    -0.141043    -0.142445    0.0504526            0
          0      0.087          8     5.52544     179.553     0.404391      0.75624    -0.144191    -0.147878    0.0516171            0
      0.087      0.174          8      5.5125     184.507     0.554378     0.543107    -0.103411     -0.10132    0.0354226            0
      0.174      0.261          8     5.48225     172.619     0.605079     0.501099    -0.104939   -0.0949557    0.0348227            0
      0.261      0.348          8     5.42802     175.447     0.491141     0.701422    -0.156995    -0.141277    0.0530104            0
      0.348      0.435          8     5.31121     183.512     0.616816     0.500238    -0.106368   -0.0942652    0.0342237            0
      0.435      0.522          8     5.21109     175.319     0.810725     0.281077   -0.0845343   -0.0523821    0.0237696            0
      0.522      0.609          8     5.16907     177.436     0.807494      0.29971   -0.0869129    -0.056348     0.024239            0
      0.609      0.696          8     4.99784     164.106     0.853914     0.256057   -0.0830993   -0.0485978    0.0221099            0
      0.696      0.783          8     4.99454     155.329     0.716345     0.559717    -0.178726    -0.122388    0.0537343            0
      0.783      0.879          8     4.82424     161.926     0.873324     0.330284     -0.12606   -0.0706961    0.0342503            0
      0.879      0.957          8     4.81875     183.778      0.12223      2.81611      -2.9013      1.21667     -0.17851            0
      0.957      1.044          8     4.58848      161.59   -0.0760401       3.4238     -3.46645      1.43548    -0.209594            0
      1.044      1.131          8     4.51398     167.483     0.315385      2.51367     -2.65468      1.12415     -0.16664            0
      1.131      1.218          8     4.43966     117.036     0.753524      1.49363     -1.80479     0.835882    -0.133744            0
      1.218      1.305          8     4.27799     114.821     0.479088      2.68078     -3.30348      1.57707    -0.259364            0
      1.305      1.392          8     4.38809     107.562      1.52956    -0.424319    0.0033435    0.0920425   -0.0224503            0
      1.392      1.479          8     4.46876     109.878   -0.0533491      3.95415     -4.33584      1.92519    -0.301282            0
      1.479      1.566          8     4.46224     125.113     0.240415      3.11928     -3.51048      1.56677    -0.244669            0
      1.566      1.653          8       4.468     91.4899      1.13221     0.223355    -0.176855   -0.0887753    0.0542331            0
      1.653       1.74          8     4.47332     94.1483      1.40485    -0.264174   -0.0585609    0.0552536  -0.00327636            0
       1.74       1.83          8     4.46823     82.3953       0.9307     0.494373     -0.26752    -0.162149    0.0985279            0
       1.83       1.93          8      4.7056     66.7951      1.07797     0.148494     -0.16523   -0.0758238    0.0600548            0
       1.93      2.043          8     4.94903     71.4799     0.931072     0.207694    -0.137707   -0.0795607    0.0535853            0
      2.043      2.172          8     5.11039     60.3673     0.881027     0.171892    -0.130931   -0.0693404    0.0561099            0
      2.172      2.322          8     5.43118     47.5901     0.716654     0.255239   -0.0966356   -0.0852144     0.053104            0
      2.322        2.5          8     5.74851     41.4972     0.716892     0.100229   -0.0486661   -0.0199667    0.0285483            0
        2.5       2.65          8     5.92867     33.6039     0.706422    0.0976698    -0.063664   -0.0293069    0.0374801            0
       2.65      2.853          8     6.10883     32.7456     0.565407      0.15512   0.00427537   -0.0150398   0.00355933            0
      2.853      2.964          8     6.26514     12.2877     0.233372     0.386618     0.327349    0.0886235    -0.266703            0
      2.964      3.489          8      7.0317     18.3055     0.327255     0.190966    0.0882806    0.0220746   -0.0150137            0
      3.489      4.013          8     6.11679     24.3213    0.0488803     0.157758     0.123126     0.038161   -0.0326641            0
      4.013      5.191          8          10         100            1            0            0            0            0            0
