     -5.191     -4.013          8          10         100            1            0            0            0            0            0
     -4.013     -3.489          8     6.30917     13.4366    0.0562605     0.301342            0            0            0            0
     -3.489     -2.964          8     7.09939     19.9938     0.112101     0.383999     0.304996    0.0547252    -0.217832            0
     -2.964     -2.853          8     6.16782      18.508     0.425122     0.316733     0.154156  -0.00447749      -0.1266            0
     -2.853      -2.65          8     6.27082     27.3228     0.639831     0.141791   -0.0359015   -0.0348153    0.0195139            0
      -2.65       -2.5          8     6.08174     36.8486     0.736246    0.0974021   -0.0711298   -0.0339572    0.0350915            0
       -2.5     -2.322          8     6.00276     42.1612     0.727484     0.103752   -0.0509938   -0.0232709    0.0265947            0
     -2.322     -2.172          8     5.81456     56.4334     0.805356    0.0868453   -0.0638151   -0.0235193    0.0265718            0
     -2.172     -2.043          8     5.49935     62.0312     0.921702    0.0473452   -0.0881675    -0.022616    0.0337041            0
     -2.043      -1.93          8      5.4358     76.7734      0.86022     0.178151   -0.0707991   -0.0475458    0.0237411            0
      -1.93      -1.83          8     5.20256     93.9771      0.96292     0.162631   -0.0877671   -0.0471793    0.0261643            0
      -1.83      -1.74          8     5.09586     77.2114      1.01533     0.159364   -0.0976283    -0.050504    0.0280948            0
      -1.74     -1.653          8     4.89955     88.6563      0.57366       1.0963     -0.38752    -0.336232     0.162762            0
     -1.653     -1.566          8     5.01503     89.5483     0.497202      1.19573    -0.369078    -0.358166     0.156055            0
     -1.566     -1.479          8     4.94065     119.496     0.872744     0.577804    -0.223688    -0.157479    0.0734439            0
     -1.479     -1.392          8     4.78942     118.046     0.985867     0.482679    -0.225872    -0.138079    0.0709857            0
     -1.392     -1.305          8     4.61715     121.424      1.07216     0.337171    -0.188877   -0.0980215    0.0547526            0
     -1.305     -1.218          8     4.62547     116.159    -0.151479      4.00431     -4.16682      1.75478    -0.258914            0
     -1.218     -1.131          8     4.73351     116.144     0.997162     0.419247    -0.200511    -0.118041    0.0610943            0
     -1.131     -1.044          8     4.75244     191.227    -0.163536      3.92858     -4.08455       1.7128    -0.249526            0
     -1.044     -0.957          8     4.87097     123.446     0.598702      1.74918      -2.0068     0.898614    -0.138709            0
     -0.957     -0.879          8      4.9809     181.998   -0.0490005      3.30875       -3.378      1.40034    -0.202063            0
     -0.879     -0.783          8     5.12348     178.289    0.0954556      2.76241     -2.76003      1.12454    -0.159842            0
     -0.783     -0.696          8     5.22792     169.806     0.781535     0.446607    -0.150509   -0.0976911    0.0444441            0
     -0.696     -0.609          8     5.24763      173.13     0.771077     0.447433    -0.154162   -0.0978112    0.0456889            0
     -0.609     -0.522          8     5.27563     176.141     0.662359     0.553769    -0.156873    -0.116656    0.0491402            0
     -0.522     -0.435          8     5.40845     178.136     0.653078     0.530142    -0.138879    -0.108813    0.0440133            0
     -0.435     -0.348          8     5.54096     180.173     0.576325      0.61063    -0.147166    -0.125157    0.0486474            0
     -0.348     -0.261          8     5.63553      178.73     0.479107     0.725564    -0.166727    -0.150029    0.0575562            0
     -0.261     -0.174          8     5.61536     183.554     0.500077     0.692658    -0.158564    -0.141679    0.0541478            0
     -0.174     -0.087          8     5.65884     176.914      0.55823     0.583447    -0.129635    -0.116838    0.0442933            0
     -0.087          0          8     5.73382     174.296     0.418664     0.780558    -0.168273    -0.161113    0.0601253            0
          0      0.087          8     5.75254     180.627     0.487232     0.663321    -0.135805    -0.132364    0.0482458            0
      0.087      0.174          8     5.73487     183.279     0.417384     0.780484    -0.164726    -0.159625    0.0586993            0
      0.174      0.261          8     5.66828     173.381     0.518086     0.662338    -0.151212    -0.135777     0.052062            0
      0.261      0.348          8     5.60062      175.95     0.547884     0.661273    -0.164852    -0.138414    0.0550106            0
      0.348      0.435          8     5.47109     186.192     0.670712     0.483098    -0.125557   -0.0973721    0.0393526            0
      0.435      0.522          8     5.43093     175.302     0.757629     0.409862    -0.130153   -0.0861848    0.0392454            0
      0.522      0.609          8     5.34601     177.004      0.67334     0.546387    -0.157203     -0.11571    0.0490048            0
      0.609      0.696          8     5.16683     163.762     0.797273     0.400371    -0.136419   -0.0864532    0.0398701            0
      0.696      0.783          8     5.25438     160.245     0.684752     0.629478    -0.202265    -0.142155    0.0627404            0
      0.783      0.879          8     5.09987     161.998    -0.146907      3.38568     -3.33932      1.35344    -0.192052            0
      0.879      0.957          8      5.0831     180.062    -0.149057      3.55918     -3.59687      1.48126    -0.212773            0
      0.957      1.044          8     4.85251      161.59   -0.0961437      3.53123     -3.57677      1.46909    -0.210914            0
      1.044      1.131          8     4.76593     167.483    0.0656259      3.20284     -3.30657      1.37403    -0.198963            0
      1.131      1.218          8     4.73561     116.897      1.04493     0.294256    -0.157909   -0.0825262    0.0454887            0
      1.218      1.305          8     4.62673     116.341    -0.358773      4.78644      -5.1539      2.24898     -0.34334            0
      1.305      1.392          8     4.63609     109.669      1.12014     0.271752    -0.173022   -0.0833719    0.0485153            0
      1.392      1.479          8     4.84473     108.013    -0.624461        5.434     -5.61912      2.36296    -0.348427            0
      1.479      1.566          8     4.79108     125.113    -0.543479      5.01451     -5.10567      2.11331    -0.306495            0
      1.566      1.653          8     4.82884     92.7192      1.24619  -0.00806072    -0.107007   -0.0138313    0.0201038            0
      1.653       1.74          8     4.86657     88.2954       1.1425      0.11643    -0.118408   -0.0478288    0.0317298            0
       1.74       1.83          8     4.72386      109.02      1.24465   -0.0205068    -0.136364   -0.0238093    0.0378569            0
       1.83       1.93          8     5.06532     64.4969      1.20864   -0.0450833    -0.135674   -0.0185471    0.0400045            0
       1.93      2.043          8     5.15749     68.3857      1.02947    0.0522068    -0.103014   -0.0298087    0.0325625            0
      2.043      2.172          8     5.41582     60.3673     0.976087    0.0392692    -0.100883   -0.0270769    0.0345733            0
      2.172      2.322          8     5.60712     50.2415     0.839846    0.0813624   -0.0708006   -0.0252607    0.0284598            0
      2.322        2.5          8     5.95603     41.6287     0.767242    0.0810209   -0.0708642   -0.0248873    0.0376272            0
        2.5       2.65          8     6.04792     34.8924     0.662868     0.152181   -0.0237829   -0.0320049   0.00309766            0
       2.65      2.853          8     6.26819      41.276     0.630621     0.133932   -0.0255269    -0.023696    0.0126444            0
      2.853      2.964          8     6.35446     11.9938     0.317403     0.385903      0.29039    0.0570499    -0.267629            0
      2.964      3.489          8     7.14311     17.9446     0.621906   0.00989865    -0.157027   -0.0427992     0.188698            0
      3.489      4.013          8     6.42835     22.9365     0.139562     0.125736    0.0766676    0.0251852   -0.0116902            0
      4.013      5.191          8          10         100            1            0            0            0            0            0
