     -5.191     -4.013          8          10         100            1            0            0            0            0            0
     -4.013     -3.489          8     5.76894      13.389    -0.053132     0.373278            0            0            0            0
     -3.489     -2.964          8      6.6945     20.0892     0.458179     0.115185    -0.013658  -0.00342574      0.06352            0
     -2.964     -2.853          8     5.78947     30.0749     0.514131     0.249007    0.0656684   -0.0246059   -0.0540133            0
     -2.853      -2.65          8     5.88877     25.5554     0.802457    0.0302166    -0.152552   -0.0542046      0.09403            0
      -2.65       -2.5          8     5.68255     35.1884     0.762775     0.078222   -0.0887806   -0.0365964    0.0439442            0
       -2.5     -2.322          8     5.58639     44.0126     0.815399    0.0537533   -0.0947232   -0.0275406    0.0474366            0
     -2.322     -2.172          8     5.45343     54.3456     0.869556    0.0906278    -0.133574   -0.0539985    0.0643665            0
     -2.172     -2.043          8     5.15666     62.9947      1.01846    0.0166124    -0.159934   -0.0412855    0.0694864            0
     -2.043      -1.93          8     4.90937     70.6571     0.954028     0.181343    -0.148775   -0.0774151    0.0582564            0
      -1.93      -1.83          8     4.74377     95.9142     0.940639     0.252308    -0.142362   -0.0835567    0.0511562            0
      -1.83      -1.74          8     4.70169     79.7726      1.00051     0.266538    -0.159642   -0.0942696    0.0549447            0
      -1.74     -1.653          8     4.47906     86.8169     0.896724     0.482808    -0.204303    -0.145157    0.0727874            0
     -1.653     -1.566          8     4.53122     89.1292       1.0261     0.307557     -0.16558    -0.103025    0.0530542            0
     -1.566     -1.479          8     4.47903     120.218    -0.397749      4.82739      -5.2171      2.30061    -0.356868            0
     -1.479     -1.392          8     4.42255     116.387    -0.565597      4.99248     -5.04829      2.09843    -0.308035            0
     -1.392     -1.305          8     4.35326     119.191    -0.398583      4.69327       -4.857      2.05279    -0.306336            0
     -1.305     -1.218          8     4.29942     115.851    -0.088325       3.8339     -4.05039      1.74102    -0.264371            0
     -1.218     -1.131          8     4.51696     116.322      1.11993     0.205102    -0.144406   -0.0613932    0.0375353            0
     -1.131     -1.044          8     4.37926     191.627    -0.121138      3.78544     -3.92911      1.64986     -0.24203            0
     -1.044     -0.957          8     4.57081     136.948     0.957464     0.309196    -0.142031   -0.0727178    0.0377566            0
     -0.957     -0.879          8     4.62151     183.667    -0.384761      4.05613     -3.95548      1.59129    -0.225553            0
     -0.879     -0.783          8      4.8316     174.181    -0.173363      3.36236     -3.24142      1.29462    -0.182772            0
     -0.783     -0.696          8     4.91938     167.007     0.924141     0.233641    -0.103125    -0.049685    0.0262693            0
     -0.696     -0.609          8     5.01841      172.41    -0.294915       3.5184     -3.35767      1.33975    -0.189044            0
     -0.609     -0.522          8     5.12726     176.111     0.674549     0.522009    -0.145545    -0.107047    0.0446376            0
     -0.522     -0.435          8     5.32886     172.057     0.566832      0.63034    -0.150618    -0.128145    0.0493442            0
     -0.435     -0.348          8     5.30534     178.536     0.665364     0.448087    -0.103055   -0.0851839    0.0324047            0
     -0.348     -0.261          8     5.46733     178.451     0.523849     0.651518    -0.150163    -0.131076    0.0504639            0
     -0.261     -0.174          8     5.47096     182.557     0.425739     0.758465    -0.155983    -0.150735    0.0543003            0
     -0.174     -0.087          8     5.49378     175.869     0.554696     0.552598    -0.111107    -0.105255    0.0380559            0
     -0.087          0          8     5.49104     172.546     0.395457     0.808216    -0.170347    -0.163745    0.0599158            0
          0      0.087          8     5.54992     180.175     0.396347      0.78704    -0.155205    -0.156379    0.0551859            0
      0.087      0.174          8     5.54788     184.357     0.524967     0.592509    -0.114704    -0.112896    0.0396471            0
      0.174      0.261          8     5.54188      173.64     0.549916     0.596719    -0.130006    -0.117968    0.0439366            0
      0.261      0.348          8     5.45597     173.523     0.470008     0.731809    -0.161397    -0.148153    0.0550942            0
      0.348      0.435          8     5.35107     180.772      0.69419     0.403115   -0.0907442   -0.0749201    0.0279184            0
      0.435      0.522          8     5.19226      174.64      0.49562     0.753781    -0.183528    -0.155322    0.0603688            0
      0.522      0.609          8     5.23093     176.146     0.651818     0.537862    -0.137374    -0.108778    0.0428725            0
      0.609      0.696          8     4.92814     168.558     0.874876      0.25354    -0.091786   -0.0500727    0.0239801            0
      0.696      0.783          8     4.79899     160.276    -0.345521      3.76321     -3.60747      1.43773    -0.202771            0
      0.783      0.879          8     4.74727     163.302    -0.259942      3.74042     -3.71069      1.51901    -0.219314            0
      0.879      0.957          8     4.73146      181.98    -0.228279      3.62498     -3.53891      1.42409    -0.202053            0
      0.957      1.044          8     4.54781     164.676    -0.194438      3.80651     -3.85964       1.5978    -0.232737            0
      1.044      1.131          8     4.42663     151.903     0.110193      3.07236     -3.20714      1.35648    -0.201595            0
      1.131      1.218          8     4.33175     116.018       1.3638    -0.199932   -0.0469115    0.0380806  -0.00108606            0
      1.218      1.305          8     4.22208     115.505    -0.812671      5.96471      -6.2155      2.65015    -0.397849            0
      1.305      1.392          8     4.41343     109.718      1.85471    -0.951899     0.132447     0.221998   -0.0747281            0
      1.392      1.479          8     4.33623      106.85    -0.803838      5.70913     -5.72103      2.34578    -0.337993            0
      1.479      1.566          8      4.4406     125.113      1.14533     0.224967    -0.178639   -0.0817195     0.052557            0
      1.566      1.653          8     4.30906     91.9488      1.36399    -0.184869   -0.0627088    0.0335289   -0.0011439            0
      1.653       1.74          8     4.42853     92.7394      1.14691      0.21465    -0.182382    -0.088838    0.0577849            0
       1.74       1.83          8     4.33996     86.0103      1.16599     0.134776    -0.185661   -0.0731695    0.0627295            0
       1.83       1.93          8      4.5778     67.2688      1.11079     0.137246    -0.179325   -0.0780705     0.064669            0
       1.93      2.043          8     4.74091      67.336      1.06901     0.107963    -0.171068   -0.0684674    0.0643787            0
      2.043      2.172          8     4.92841      61.896      1.04273    0.0463786    -0.168559   -0.0534957    0.0673712            0
      2.172      2.322          8     5.16963     51.5299     0.837344     0.175918    -0.129393     -0.07683    0.0606236            0
      2.322        2.5          8     5.56854     40.5022     0.818665    0.0644316   -0.0910101   -0.0305891     0.042829            0
        2.5       2.65          8     5.61687     35.0763     0.824582     0.033224    -0.128856   -0.0389514    0.0712934            0
       2.65      2.853          8     5.92004       32.72     0.639458      0.12846   -0.0316027   -0.0277058    0.0128013            0
      2.853      2.964          8     5.89923     19.7333     0.572215     0.166049  0.000424224   -0.0173629    0.0217601            0
      2.964      3.489          8     6.73699     13.4866     0.458686     0.113311   -0.0389001   -0.0204065     0.113986            0
      3.489      4.013          8     5.65332     19.3642     0.477939   0.00981985    -0.116264    -0.035975     0.101576            0
      4.013      5.191          8          10         100            1            0            0            0            0            0
