     -5.191     -4.013          8          10         100            1            0            0            0            0            0
     -4.013     -3.489          8     6.72223     14.7095     0.730149     0.131763            0            0            0            0
     -3.489     -2.964          8     7.88086     24.4876     0.955389     0.316454     0.014493   -0.0649573   -0.0404995            0
     -2.964     -2.853          8     8.50423     36.0883      1.09561     0.258933   -0.0577863   -0.0941392   -0.0366292            0
     -2.853      -2.65          8     9.05991     40.3404      1.14981     0.100471    -0.138858   -0.0663241    0.0511578            0
      -2.65       -2.5          8     9.05216     46.4675      1.18783    0.0639606    -0.161937   -0.0656725    0.0593643            0
       -2.5     -2.322          8     9.61737     60.9504      1.37423    -0.430273   -0.0393568     0.154778   -0.0337241            0
     -2.322     -2.172          8     9.71269     75.8407      1.28855    -0.367665   -0.0175982     0.127941   -0.0292064            0
     -2.172     -2.043          8     9.73614     92.3774       1.2649    -0.331209  -0.00611708     0.107613   -0.0254182            0
     -2.043      -1.93          8      9.8147     95.7938      1.19822    -0.252929  -0.00256592    0.0895586   -0.0228643            0
      -1.93      -1.83          8      9.6379     118.525       1.1726     -0.20563  0.000609056    0.0688432   -0.0185064            0
      -1.83      -1.74          8     9.75531     90.0472      1.28241    -0.332849   0.00234765     0.100056   -0.0241734            0
      -1.74     -1.653          8     9.56817     114.704      1.12089    -0.128463  -0.00901741    0.0489845   -0.0130612            0
     -1.653     -1.566          8     9.72581     116.394     0.991276    0.0978467   -0.0570961   -0.0222195    0.0142202            0
     -1.566     -1.479          8     9.49779      151.32      1.30011    -0.336767    0.0145322    0.0907797   -0.0253901            0
     -1.479     -1.392          8      9.5444      148.31      1.02267    0.0867179   -0.0581299   -0.0202785    0.0124624            0
     -1.392     -1.305          8     9.41995     149.989      1.01067    0.0986144   -0.0512852   -0.0197015     0.010429            0
     -1.305     -1.218          8     9.30389     147.353     0.873327       0.3003   -0.0914973   -0.0646009    0.0270402            0
     -1.218     -1.131          8     9.34636      148.49      1.04631    0.0855876   -0.0610239   -0.0206273    0.0133458            0
     -1.131     -1.044          8     9.60935     153.928      1.02736    0.0367278   -0.0334283   0.00324894   0.00163211            0
     -1.044     -0.957          8     9.55284     232.794      1.11845    -0.102227   -0.0130138    0.0350318  -0.00833333            0
     -0.957     -0.879          8     9.72807     229.825      1.11301    -0.109589   -0.0077108    0.0363316  -0.00941111            0
     -0.879     -0.783          8     9.72886     205.525       1.1392    -0.165474   0.00523997    0.0491278   -0.0138723            0
     -0.783     -0.696          8     9.85373     204.833     0.911073     0.114373   -0.0281049   -0.0137976   0.00487133            0
     -0.696     -0.609          8     9.90518     212.538      0.99322   0.00275489   -0.0145876    0.0140552  -0.00363748            0
     -0.609     -0.522          8     9.97628     210.508     0.970063   0.00962753  -0.00581712    0.0143038  -0.00514126            0
     -0.522     -0.435          8     10.0654     208.998     0.874763     0.124662   -0.0199805   -0.0125574   0.00321537            0
     -0.435     -0.348          8     10.1693     212.143     0.959399    0.0181811  -0.00865193    0.0127604  -0.00427615            0
     -0.348     -0.261          8     10.0812     215.004     0.930952    0.0493175   -0.0108821   0.00655139  -0.00265743            0
     -0.261     -0.174          8     10.1543     216.747      1.00227   -0.0655029    0.0135895     0.032781   -0.0119149            0
     -0.174     -0.087          8     10.1205     217.601     0.858468      0.13217   -0.0154885   -0.0122059   0.00208146            0
     -0.087          0          8     10.1841     207.557     0.931101    0.0237418   0.00329887    0.0139042  -0.00657661            0
          0      0.087          8     10.0811     218.638      1.06442    -0.148388    0.0285041    0.0509621   -0.0180971            0
      0.087      0.174          8      10.071     213.729     0.950373    0.0277758   -0.0106234    0.0113113  -0.00360762            0
      0.174      0.261          8      10.052     210.043     0.988369   -0.0218187    0.0015369    0.0216045  -0.00782843            0
      0.261      0.348          8      10.034     211.614     0.919649    0.0612832  -0.00967682   0.00412969  -0.00242548            0
      0.348      0.435          8     10.0638     216.445     0.996892   -0.0387356   0.00453703    0.0257023   -0.0090599            0
      0.435      0.522          8     10.0242     211.399      1.00766   -0.0281795  -0.00723206    0.0218789   -0.0063343            0
      0.522      0.609          8     9.90016     211.563      0.99225  -0.00917031  -0.00831014    0.0178808  -0.00537088            0
      0.609      0.696          8     9.79169     205.783      1.06152   -0.0950146   0.00479761    0.0356812   -0.0111029            0
      0.696      0.783          8     9.70521     198.557     0.934428     0.105002   -0.0340378    -0.014363   0.00627501            0
      0.783      0.879          8     9.78743     199.843      1.12392    -0.141201  0.000332356    0.0436735    -0.012004            0
      0.879      0.957          8      9.6529     210.771      1.20542    -0.251122    0.0210276    0.0677955   -0.0202799            0
      0.957      1.044          8     9.62478     208.188      1.04566   -0.0156708   -0.0181392    0.0161211  -0.00372811            0
      1.044      1.131          8     9.49997     200.136      1.17654    -0.165112  -0.00240042    0.0480747   -0.0126004            0
      1.131      1.218          8     9.29306     151.441      1.13701   -0.0903877   -0.0192516    0.0330629  -0.00715397            0
      1.218      1.305          8     9.38471     147.301      1.15769   -0.0860411   -0.0312757    0.0299167  -0.00426523            0
      1.305      1.392          8     9.33838     148.706      1.08991   0.00222093   -0.0472009   0.00723272   0.00351416            0
      1.392      1.479          8     9.34515     149.947      1.24094    -0.193408   -0.0276557    0.0515159    -0.009373            0
      1.479      1.566          8     9.52079     160.389      1.09373    0.0400554    -0.144263    0.0620254  -0.00545929            0
      1.566      1.653          8     9.57332      117.03      1.12476    -0.082734   -0.0333831    0.0322733  -0.00414419            0
      1.653       1.74          8       9.465     115.815      1.23123    -0.251874    0.0035224     0.080426   -0.0231231            0
       1.74       1.83          8     9.64553      117.91     0.971734        0.113   -0.0486308   -0.0215764    0.0121148            0
       1.83       1.93          8     9.54894     89.5648      1.29289    -0.329273    -0.007445     0.106106   -0.0253305            0
       1.93      2.043          8      9.6029     86.8626      1.23519    -0.276447  -0.00599675    0.0937051   -0.0235593            0
      2.043      2.172          8     9.63052       72.21      1.33157    -0.387253   -0.0207534     0.131088   -0.0296833            0
      2.172      2.322          8      9.5375     69.4958      1.45044    -0.549488   -0.0210509     0.179073    -0.037418            0
      2.322        2.5          8      9.5073     54.3253       1.4694    -0.537054   -0.0453504     0.188958    -0.039319            0
        2.5       2.65          8     9.16759     43.5474      1.27712   0.00961883     -0.21593   -0.0749187    0.0910913            0
       2.65      2.853          8     9.00752      48.332      1.48832    -0.488763   -0.0687431     0.191693   -0.0410151            0
      2.853      2.964          8     8.67545     22.3007      1.09731     0.199318    -0.115975   -0.0938424     0.061032            0
      2.964      3.489          8     8.00502     20.2626      1.04177     0.280351   -0.0435502   -0.0907298  -0.00990382            0
      3.489      4.013          8     6.75101     22.3416     0.303694     0.723955     0.491095    0.0164001    -0.403756            0
      4.013      5.191          8          10         100            1            0            0            0            0            0
