     -5.191     -4.013          8          10         100            1            0            0            0            0            0
     -4.013     -3.489          8     6.78196     14.5699     0.755343     0.113508            0            0            0            0
     -3.489     -2.964          8     7.85336     23.9501      1.21232     0.161371    -0.176753    -0.108655    0.0965583            0
     -2.964     -2.853          8     8.46657     23.4062      1.44404    0.0387421    -0.338282    -0.163143     0.184671            0
     -2.853      -2.65          8     8.91421     33.3076      1.33289    0.0122278    -0.261209    -0.101401     0.123138            0
      -2.65       -2.5          8     9.04647     44.8803      1.77485    -0.858343   -0.0845514     0.317605   -0.0679598            0
       -2.5     -2.322          8      9.5559     58.0511      1.47031     -0.57065   -0.0314286     0.206343   -0.0489252            0
     -2.322     -2.172          8     9.72478     73.8881      1.36289    -0.481765  -0.00568904     0.167411   -0.0407543            0
     -2.172     -2.043          8     9.60888     89.9561      1.32863    -0.424626   0.00227746     0.136888   -0.0329843            0
     -2.043      -1.93          8     9.62048     94.0057      1.24911    -0.315573   0.00341254     0.107354   -0.0278572            0
      -1.93      -1.83          8     9.45135     117.296      1.23571    -0.268409  1.34522e-05    0.0822847   -0.0200734            0
      -1.83      -1.74          8     9.46183     89.1827      1.33122    -0.391285   0.00991176     0.115582   -0.0291676            0
      -1.74     -1.653          8     9.44298     106.787      1.28596    -0.349871    0.0296772     0.109908   -0.0356962            0
     -1.653     -1.566          8     9.52605     115.436     0.995026     0.100994   -0.0557464   -0.0221768    0.0137105            0
     -1.566     -1.479          8     9.25368     150.086      1.26446    -0.267162   0.00228481    0.0715434   -0.0186163            0
     -1.479     -1.392          8     9.28881     148.798      1.03747    0.0847478   -0.0603942   -0.0208105    0.0127385            0
     -1.392     -1.305          8     9.15997     158.287      1.13079   -0.0361794    -0.042224    0.0128778   0.00160025            0
     -1.305     -1.218          8     9.22588      147.66     0.978133      0.17565   -0.0760341   -0.0368881    0.0187127            0
     -1.218     -1.131          8     9.19047     147.099      1.01555    0.0980773   -0.0515334   -0.0193502    0.0109302            0
     -1.131     -1.044          8     9.34853     152.917      1.14722    -0.104617   -0.0188197    0.0331983  -0.00677476            0
     -1.044     -0.957          8     9.36033     220.389      1.11905   -0.0858925   -0.0207717    0.0266845  -0.00417276            0
     -0.957     -0.879          8      9.5013     227.656      1.01885    0.0218947    -0.029105   0.00359528   0.00170876            0
     -0.879     -0.783          8     9.57321     209.179      1.02104  -0.00420025   -0.0217687    0.0107082 -0.000733293            0
     -0.783     -0.696          8     9.62867     202.478     0.997024    0.0161181   -0.0203368   0.00635784 -0.000206286            0
     -0.696     -0.609          8     9.74123     209.182     0.912343     0.110664   -0.0293817    -0.013538   0.00545205            0
     -0.609     -0.522          8     9.79189      209.58     0.908196     0.113414   -0.0277569    -0.013403   0.00501798            0
     -0.522     -0.435          8     9.75007     211.228      1.02679   -0.0592202  9.64256e-05    0.0253423  -0.00710967            0
     -0.435     -0.348          8     9.91357     212.031     0.946787    0.0462541    -0.015144   0.00249229 -0.000168417            0
     -0.348     -0.261          8     9.87805     216.342     0.930184    0.0564662   -0.0133248   0.00114982 -0.000139547            0
     -0.261     -0.174          8     9.90289     214.242      0.93548    0.0345402  -0.00481281   0.00694488  -0.00276553            0
     -0.174     -0.087          8     9.91172     215.477     0.829896     0.175767   -0.0243699   -0.0236895   0.00642447            0
     -0.087          0          8     9.99025     207.771     0.871069     0.123729   -0.0196046   -0.0122159   0.00335172            0
          0      0.087          8      9.9016     216.534     0.931388    0.0419668   -0.0054917   0.00531961  -0.00237207            0
      0.087      0.174          8     9.90438     214.072     0.870309     0.123599   -0.0198124   -0.0121682   0.00352461            0
      0.174      0.261          8     9.89758     209.458     0.994098   -0.0284691   0.00229607    0.0197912  -0.00662434            0
      0.261      0.348          8     9.88147     211.568     0.883501     0.120374   -0.0225283   -0.0126573   0.00398446            0
      0.348      0.435          8     9.87476      217.19     0.990956   -0.0218645   0.00091427    0.0179907  -0.00604409            0
      0.435      0.522          8      9.8259     210.549     0.910101     0.110634   -0.0293108   -0.0134111   0.00558431            0
      0.522      0.609          8      9.7351     211.284     0.994191   0.00391447   -0.0142815    0.0103325  -0.00188959            0
      0.609      0.696          8     9.67379     205.277     0.975581    0.0253589   -0.0146634   0.00605023  -0.00107208            0
      0.696      0.783          8     9.66563      191.16     0.934812     0.102344   -0.0350576   -0.0141775   0.00688696            0
      0.783      0.879          8     9.54985     201.032      1.05461   -0.0451545   -0.0149184    0.0192332  -0.00362051            0
      0.879      0.957          8     9.53589     208.162     0.959151     0.098046   -0.0397199   -0.0149364   0.00782256            0
      0.957      1.044          8     9.39711     201.169       1.1446     -0.12901  -0.00680645    0.0360955  -0.00847576            0
      1.044      1.131          8     9.27763     211.724      1.10779   -0.0589404   -0.0214186    0.0204686  -0.00293703            0
      1.131      1.218          8     9.22509     149.729      1.00191     0.102922   -0.0480812   -0.0187548    0.0103356            0
      1.218      1.305          8     9.06061     145.222      1.19371     -0.11426   -0.0345755    0.0335313   -0.0037315            0
      1.305      1.392          8      9.1097     152.384      1.19762    -0.141227   -0.0204809    0.0395413  -0.00791988            0
      1.392      1.479          8     9.25261     146.503      1.41562    -0.443618     0.016657     0.111916    -0.029613            0
      1.479      1.566          8     9.32384     159.685      1.16158   -0.0801557   -0.0460858    0.0246893 -8.52624e-06            0
      1.566      1.653          8     9.44257     117.361      1.08494  -0.00211323   -0.0445686   0.00791793   0.00311518            0
      1.653       1.74          8     9.32951     115.648      1.38464    -0.451662    0.0268092     0.133602   -0.0391799            0
       1.74       1.83          8     9.29109     124.572      1.23568    -0.231545  -0.00709994    0.0701012   -0.0169818            0
       1.83       1.93          8     9.41177     90.1589      1.32904    -0.380544 -0.000268849     0.121972   -0.0304162            0
       1.93      2.043          8     9.56653     84.2716       1.2594    -0.310592   0.00194408     0.106215   -0.0290279            0
      2.043      2.172          8     9.56486     70.3471      1.32974    -0.420138   -0.0037498     0.148963   -0.0384428            0
      2.172      2.322          8     9.56242      67.633       1.5384    -0.669412   -0.0103764     0.218201   -0.0495678            0
      2.322        2.5          8       9.394     51.7054      1.64783    -0.784174   -0.0389392     0.274677   -0.0606875            0
        2.5       2.65          8     9.01459     42.5367      1.23629    0.0332745    -0.191571   -0.0699248    0.0796649            0
       2.65      2.853          8     8.97089     47.7697      1.70016    -0.772396   -0.0689244     0.296214   -0.0660226            0
      2.853      2.964          8     8.54988       20.69      1.38848      0.04892    -0.322761    -0.158808      0.19642            0
      2.964      3.489          8     7.91892     22.2364      1.26213     0.139962    -0.214162     -0.12539      0.12271            0
      3.489      4.013          8     6.94736     23.3271     0.728357     0.184116   -0.0324544   -0.0391514    0.0273463            0
      4.013      5.191          8          10         100            1            0            0            0            0            0
