     -5.191     -4.013          8          10         100            1            0            0            0            0            0
     -4.013     -3.489          8     6.60691     13.8086     0.680024     0.169768            0            0            0            0
     -3.489     -2.964          8     7.38852     25.7886      1.21275     0.206165    -0.141806    -0.110039    0.0446442            0
     -2.964     -2.853          8     8.03651     26.8789      1.67716    -0.233017    -0.530048    -0.142235     0.347479            0
     -2.853      -2.65          8     8.30719     34.4566      1.30399    0.0257752    -0.241555   -0.0927698     0.113084            0
      -2.65       -2.5          8     8.63332     45.2775       1.5928    -0.655781   -0.0715252     0.250131   -0.0512906            0
       -2.5     -2.322          8     8.90208     54.5012      1.54763    -0.658626   -0.0437811     0.227108   -0.0456444            0
     -2.322     -2.172          8     9.19167     74.9493      1.26159    -0.373306  -0.00774125     0.133903   -0.0290575            0
     -2.172     -2.043          8      9.1109     87.9312      1.26869    -0.359184  -0.00212938     0.117318   -0.0244831            0
     -2.043      -1.93          8     8.98596     94.2486      1.17222    -0.216697  -0.00665289    0.0770868   -0.0171394            0
      -1.93      -1.83          8     8.82537     117.296       1.2069    -0.207491   -0.0146314    0.0616247   -0.0118459            0
      -1.83      -1.74          8      8.7676     89.5051      1.45348    -0.490845  -0.00917256     0.127118   -0.0239057            0
      -1.74     -1.653          8     8.71348     116.087      1.37367    -0.456726    0.0414797     0.133323   -0.0423109            0
     -1.653     -1.566          8     8.80081     116.022      1.33147    -0.385099    0.0194754     0.112844   -0.0326484            0
     -1.566     -1.479          8     8.67773     147.677      1.24991    -0.215352     -0.01324    0.0562242    -0.012607            0
     -1.479     -1.392          8     8.62364     149.337      1.09163    0.0607838    -0.075041   -0.0218999    0.0163611            0
     -1.392     -1.305          8     8.47403     159.895      1.15119   -0.0363769   -0.0510607    0.0112078   0.00336821            0
     -1.305     -1.218          8     8.48268      148.28      1.19518   -0.0908541   -0.0448541    0.0254805 -0.000385951            0
     -1.218     -1.131          8     8.50373     147.157      1.13609   -0.0421171   -0.0423061    0.0149879   0.00134385            0
     -1.131     -1.044          8     8.62475     153.628      1.11693   -0.0761671   -0.0179944    0.0270328  -0.00570174            0
     -1.044     -0.957          8     8.81589     155.025      1.04955    0.0256024   -0.0484226   0.00235873   0.00521041            0
     -0.957     -0.879          8     8.82493     227.928      1.08382   -0.0670629   -0.0156472     0.023521  -0.00459803            0
     -0.879     -0.783          8      9.0476     212.176      1.10419    -0.120799  -0.00193776    0.0364575  -0.00926516            0
     -0.783     -0.696          8     8.99867     197.304     0.992745   0.00773289   -0.0179066   0.00996268  -0.00142552            0
     -0.696     -0.609          8     9.13529     205.237     0.983812  0.000765045  -0.00878045    0.0127505  -0.00352258            0
     -0.609     -0.522          8      9.1084     208.333      0.97882   0.00884541  -0.00816363    0.0108706  -0.00336048            0
     -0.522     -0.435          8     9.15774     210.429      1.00533   -0.0323694  -0.00300318    0.0202053   -0.0058508            0
     -0.435     -0.348          8     9.24027     212.592     0.996601   -0.0241449  -0.00267712     0.018527  -0.00559992            0
     -0.348     -0.261          8     9.23442     218.402     0.883653     0.119286   -0.0222354   -0.0123657    0.0038148            0
     -0.261     -0.174          8     9.14675     214.797      0.98396    -0.050511    0.0171493    0.0270579   -0.0106441            0
     -0.174     -0.087          8      9.2455     213.462     0.870185     0.125808   -0.0180338   -0.0120595   0.00268074            0
     -0.087          0          8     9.34798     209.772      0.85332      0.13091   -0.0139426   -0.0114545   0.00180658            0
          0      0.087          8     9.24661     216.476     0.865023     0.125927   -0.0172708   -0.0117164   0.00268367            0
      0.087      0.174          8     9.20035     214.165     0.925851    0.0384685  -0.00153003   0.00748304  -0.00367022            0
      0.174      0.261          8     9.29427     212.193     0.873533     0.125477   -0.0186177   -0.0121699   0.00283911            0
      0.261      0.348          8      9.0842     213.486      1.01142   -0.0574133   0.00902195    0.0263993  -0.00911256            0
      0.348      0.435          8     9.19503     217.318     0.997174   -0.0390513   0.00759091    0.0226937  -0.00828496            0
      0.435      0.522          8     9.22922     211.385      0.89716     0.114239    -0.025371   -0.0126516   0.00456505            0
      0.522      0.609          8     9.11492      213.04      1.00653   -0.0375639   0.00128977    0.0215141  -0.00688443            0
      0.609      0.696          8     8.95377     204.419      1.08008    -0.117494   0.00906196    0.0371837    -0.011278            0
      0.696      0.783          8     9.06647     195.162      1.03156    -0.026694   -0.0175269    0.0165848  -0.00282193            0
      0.783      0.879          8     9.01914      202.28      1.01364   0.00166463   -0.0208546    0.0104421  -0.00113317            0
      0.879      0.957          8     8.88326     208.685      1.06225   -0.0565234   -0.0113748     0.022491  -0.00508863            0
      0.957      1.044          8     8.73306     201.169      1.17427    -0.174701   0.00185917    0.0463772   -0.0120238            0
      1.044      1.131          8     8.72972     212.075      1.16306    -0.150723 -7.74332e-05    0.0414797    -0.010793            0
      1.131      1.218          8      8.5981     149.424      1.12382   -0.0602617    -0.027473    0.0232306  -0.00302567            0
      1.218      1.305          8     8.37174     143.098       1.2061    -0.104347   -0.0444023    0.0288667 -0.000986393            0
      1.305      1.392          8     8.43079     141.971      1.30843    -0.279177  -0.00165312    0.0706542   -0.0177798            0
      1.392      1.479          8     8.55452      141.96      1.42951    -0.453926    0.0176159     0.110975   -0.0293384            0
      1.479      1.566          8     8.68174     159.993      1.27035    -0.229437   -0.0235505    0.0612014   -0.0117552            0
      1.566      1.653          8     8.64537     116.772      1.44226    -0.503654    0.0254273     0.139863   -0.0396583            0
      1.653       1.74          8     8.63834     116.368      1.43611     -0.49395    0.0247742     0.139553   -0.0396768            0
       1.74       1.83          8      8.7439     122.636      1.13555    -0.105782   -0.0171085    0.0378938  -0.00775283            0
       1.83       1.93          8     8.75948     87.9821      1.32567    -0.361424   -0.0122117     0.110062   -0.0224298            0
       1.93      2.043          8     8.88301     82.0625      1.18934    -0.207027   -0.0109418    0.0725582   -0.0171699            0
      2.043      2.172          8     9.09321      70.942      1.27347    -0.367564  -0.00767507     0.131506   -0.0290769            0
      2.172      2.322          8     9.00451     65.7871      1.43864    -0.565952   -0.0120778     0.186615   -0.0383783            0
      2.322        2.5          8     8.94794       51.74      1.50431    -0.621406   -0.0355876     0.221537   -0.0459519            0
        2.5       2.65          8     8.50954     43.7794      1.60696    -0.643142   -0.0820922     0.241113   -0.0490638            0
       2.65      2.853          8     8.29839     44.9696       1.8711    -0.975928   -0.0868715     0.364077   -0.0711445            0
      2.853      2.964          8     8.03243     13.3983     0.774572     0.445053     0.170409   -0.0388071    -0.185575            0
      2.964      3.489          8     7.44021     21.7117      1.05049     0.311716   -0.0198495   -0.0862557   -0.0313033            0
      3.489      4.013          8      6.7517     15.0148     0.661167     0.214298  -0.00705808   -0.0450158    0.0260143            0
      4.013      5.191          8          10         100            1            0            0            0            0            0
