     -5.191     -4.013          8          10         100            1            0            0            0            0            0
     -4.013     -3.489          8     6.47065     14.5715     0.714477     0.143791            0            0            0            0
     -3.489     -2.964          8     7.86436     24.6471      1.03324     0.279669   -0.0365947   -0.0820924   -0.0152236            0
     -2.964     -2.853          8     8.54936     36.3923      1.24444     0.165481    -0.151773    -0.105214    0.0267058            0
     -2.853      -2.65          8     9.15229      32.888      1.18732    0.0910188    -0.174492    -0.084501    0.0728901            0
      -2.65       -2.5          8     9.23099     45.2931       1.2025    0.0537858    -0.172305   -0.0680834    0.0652177            0
       -2.5     -2.322          8     9.72656     60.3795      1.41382    -0.447689   -0.0544793     0.152685   -0.0293797            0
     -2.322     -2.172          8     9.84063     76.0821      1.23628    -0.283652   -0.0263807     0.100012   -0.0212112            0
     -2.172     -2.043          8     9.84247     91.5771      1.26649    -0.323864    -0.014698     0.103332   -0.0214173            0
     -2.043      -1.93          8     9.89058     95.4179      1.13435    -0.170322  -0.00951451    0.0660154   -0.0159137            0
      -1.93      -1.83          8     9.84114     117.296      1.17681    -0.205269  -0.00732985     0.067077   -0.0152305            0
      -1.83      -1.74          8     9.88841      92.066      1.22118     -0.24458  -0.00850431    0.0755911   -0.0169164            0
      -1.74     -1.653          8     9.90986     118.036      1.08266   -0.0414837   -0.0386218    0.0227442 -0.000721809            0
     -1.653     -1.566          8     9.90044     116.303     0.988711     0.100882   -0.0565315    -0.022504    0.0142777            0
     -1.566     -1.479          8     9.84743     150.738      1.06675  -0.00444643   -0.0431422    0.0099965   0.00253587            0
     -1.479     -1.392          8     9.78457     151.067      1.00984    0.0942016   -0.0541895   -0.0201254    0.0113979            0
     -1.392     -1.305          8     9.67438     154.891      1.00544       0.1007   -0.0508427   -0.0198234    0.0104699            0
     -1.305     -1.218          8     9.67861     151.269     0.843972     0.341208   -0.0966642   -0.0753639    0.0303774            0
     -1.218     -1.131          8     9.65908     147.644     0.943859     0.191631   -0.0703962   -0.0382646    0.0176554            0
     -1.131     -1.044          8     9.77477     154.028      0.98165     0.107037   -0.0449547   -0.0185559   0.00942909            0
     -1.044     -0.957          8     9.77353     196.789      1.15356    -0.140252  -0.00985249    0.0412458  -0.00969019            0
     -0.957     -0.879          8     9.85654     226.863      1.07396   -0.0625736   -0.0124986    0.0256585  -0.00627771            0
     -0.879     -0.783          8     9.98021     207.275      1.07444   -0.0747235   -0.0098716    0.0286013  -0.00714891            0
     -0.783     -0.696          8       10.03     202.118      1.12166    -0.155253   0.00763772     0.046628   -0.0136559            0
     -0.696     -0.609          8     10.0712      211.82     0.965562    0.0380932   -0.0181692   0.00560638  -0.00117694            0
     -0.609     -0.522          8      10.286     209.562     0.907019      0.11566   -0.0276807   -0.0137772   0.00489577            0
     -0.522     -0.435          8     10.2664     208.883     0.968924  -0.00299024  -0.00166835    0.0174611  -0.00614344            0
     -0.435     -0.348          8     10.3589     212.519     0.927335    0.0619862   -0.0157826   0.00241654 -0.000801112            0
     -0.348     -0.261          8     10.3937     217.019     0.959262    0.0127563  -0.00506004    0.0138278   -0.0048911            0
     -0.261     -0.174          8     10.3169     216.007      0.95346   0.00944051 -0.000989049    0.0151906  -0.00583642            0
     -0.174     -0.087          8     10.3091     214.183     0.862154      0.13067   -0.0166573   -0.0123523   0.00242475            0
     -0.087          0          8     10.3167     208.039     0.955273   0.00394484   0.00191151    0.0168342  -0.00670202            0
          0      0.087          8      10.315     216.843       1.0067   -0.0707011    0.0140113    0.0334651    -0.011918            0
      0.087      0.174          8      10.298      214.44      0.94126    0.0320167  -0.00765627   0.00998072  -0.00361195            0
      0.174      0.261          8      10.315      210.55     0.951783    0.0281805  -0.00718625    0.0100793  -0.00387701            0
      0.261      0.348          8     10.2998     208.292     0.920047    0.0506338  -0.00473894   0.00661674  -0.00357252            0
      0.348      0.435          8     10.2425     216.758     0.953109    0.0189796  -0.00264945    0.0126138  -0.00520077            0
      0.435      0.522          8     10.3661     211.169     0.896806     0.117457   -0.0261368     -0.01345   0.00476578            0
      0.522      0.609          8     10.1027     212.528      1.00464   -0.0206939  -0.00837952    0.0193055   -0.0054235            0
      0.609      0.696          8     10.0651     210.533     0.965805    0.0390082    -0.016589   0.00564736  -0.00149443            0
      0.696      0.783          8     9.97019     193.409     0.932519     0.107303   -0.0335688   -0.0145672   0.00620796            0
      0.783      0.879          8     9.86683     205.113       1.1054     -0.10627  -0.00962306    0.0350594  -0.00840511            0
      0.879      0.957          8     9.82596     210.345       1.1693    -0.185218   0.00534239    0.0518618   -0.0143828            0
      0.957      1.044          8     9.85798     207.831        1.104   -0.0953341  -0.00512225    0.0330692  -0.00909056            0
      1.044      1.131          8     9.65319     199.122      1.11743   -0.0899269   -0.0136282    0.0314456  -0.00715708            0
      1.131      1.218          8     9.56516     151.077     0.989463      0.10814   -0.0452416   -0.0186611   0.00959109            0
      1.218      1.305          8     9.60917     146.683      1.07584   0.00216476   -0.0366295   0.00992225   0.00118753            0
      1.305      1.392          8     9.60499     149.262      1.09102   0.00253243    -0.047192   0.00663846   0.00374064            0
      1.392      1.479          8     9.56679     150.145      1.11133   -0.0304111   -0.0476593    0.0134584   0.00252995            0
      1.479      1.566          8     9.70378     159.993       1.1228   -0.0472208   -0.0491224    0.0197449   0.00122193            0
      1.566      1.653          8     9.79647     117.972      1.18523    -0.163317   -0.0165735    0.0535091   -0.0130188            0
      1.653       1.74          8     9.72086     116.399     0.986694     0.105985   -0.0534752    -0.022063     0.013513            0
       1.74       1.83          8     9.80554     113.102     0.998978     0.100746   -0.0576403   -0.0227057    0.0149258            0
       1.83       1.93          8     9.76664     92.3765      1.29696    -0.305944   -0.0207083    0.0950459   -0.0197748            0
       1.93      2.043          8     9.69846     86.6668        1.235    -0.256346   -0.0164706     0.084505   -0.0185473            0
      2.043      2.172          8     9.64102     71.9844      1.43538     -0.47429   -0.0374932     0.147125   -0.0280852            0
      2.172      2.322          8     9.58159      68.356      1.56951    -0.649617   -0.0403497     0.198086   -0.0361152            0
      2.322        2.5          8      9.6301     54.1627      1.50635    -0.539976   -0.0618609     0.181373   -0.0340592            0
        2.5       2.65          8     9.11888     44.8851      1.24125    0.0325632    -0.192598   -0.0704915    0.0773131            0
       2.65      2.853          8      9.2406     39.4808      1.18186    0.0688971    -0.162199    -0.067305    0.0651205            0
      2.853      2.964          8     8.78571      25.393      1.30313    0.0373533    -0.254064    -0.104327     0.145427            0
      2.964      3.489          8     7.88765     18.6354      1.27243     0.124358    -0.235029    -0.134237     0.149372            0
      3.489      4.013          8     6.56246     21.7344      1.25001   0.00245638    -0.330344    -0.140615     0.185095            0
      4.013      5.191          8          10         100            1            0            0            0            0            0
