     -5.191     -4.013          8          10         100            1            0            0            0            0            0
     -4.013     -3.489          8     5.99585     13.2058    -0.197979      0.49011            0            0            0            0
     -3.489     -2.964          8     6.80553     20.0469     0.200097     0.248009     0.173468    0.0489057   -0.0704788            0
     -2.964     -2.853          8     5.98753     30.0749   -0.0401356      1.07451    0.0484677    -0.405337    0.0736956            0
     -2.853      -2.65          8      5.9727     32.2528     0.393714     0.483236   -0.0754196    -0.193424     0.094695            0
      -2.65       -2.5          8     5.65534      34.908     0.446691     0.507352    -0.101019    -0.206642    0.0945031            0
       -2.5     -2.322          8     5.66895     39.3061     0.447163     0.520009    -0.103303    -0.184071    0.0904274            0
     -2.322     -2.172          8      5.4458     54.9929     0.532814     0.484135    -0.126088    -0.159229    0.0817171            0
     -2.172     -2.043          8     5.20853     63.7531     0.728681     0.358078    -0.168203     -0.12616    0.0867859            0
     -2.043      -1.93          8     5.01575     75.7567     0.761152     0.432082    -0.177221    -0.146092      0.08008            0
      -1.93      -1.83          8     4.75016     95.9142     0.798717     0.464713    -0.183984     -0.14155    0.0740646            0
      -1.83      -1.74          8     4.68321     80.9793      0.76963     0.577317    -0.198042    -0.170921    0.0775975            0
      -1.74     -1.653          8     4.40228     81.6798    -0.931423      6.50037     -7.29455      3.40783    -0.566981            0
     -1.653     -1.566          8     4.48869     89.5067     0.876546     0.550639    -0.218365    -0.169159    0.0785636            0
     -1.566     -1.479          8     4.43271     120.426    -0.565211      5.28322     -5.69145      2.52332    -0.396616            0
     -1.479     -1.392          8     4.28149     116.514     -1.43326      7.81004     -8.20879      3.57497    -0.552947            0
     -1.392     -1.305          8     4.24994     115.318    -0.191333      4.40433     -4.84636      2.16802    -0.343601            0
     -1.305     -1.218          8     4.16231       116.1    -0.170464      4.21804     -4.59851      2.04734    -0.323347            0
     -1.218     -1.131          8     4.50802     116.382      1.11737      0.22261    -0.154938   -0.0660582    0.0407182            0
     -1.131     -1.044          8     4.33624     191.627    -0.958719      5.93206     -5.91939      2.44324    -0.356829            0
     -1.044     -0.957          8     4.51865     123.265     0.930737     0.374952     -0.16598   -0.0948955    0.0485318            0
     -0.957     -0.879          8     4.56249     183.816    -0.726826      5.15988       -5.173      2.14659    -0.315382            0
     -0.879     -0.783          8     4.71454     174.424   -0.0650107       3.1803      -3.1865      1.32393    -0.195076            0
     -0.783     -0.696          8     4.76791     169.493     0.846803     0.331638    -0.118472   -0.0678182     0.031764            0
     -0.696     -0.609          8     4.95457      175.18    -0.539265      4.21835     -4.08183      1.66084     -0.24075            0
     -0.609     -0.522          8     5.03774     174.903     -0.25257      3.24984      -3.0412      1.20987    -0.172524            0
     -0.522     -0.435          8     5.12072     175.596     0.562099     0.637076    -0.153947    -0.126736     0.048868            0
     -0.435     -0.348          8     5.23508     180.754    -0.534952      3.64684     -3.20538      1.21265    -0.165497            0
     -0.348     -0.261          8     5.26981     176.562    -0.568036      3.79579     -3.40769      1.31439    -0.182428            0
     -0.261     -0.174          8     5.45156     185.366     -0.59364      3.65852     -3.14113      1.16672    -0.156579            0
     -0.174     -0.087          8     5.37426     178.309     0.408728     0.771191    -0.160964    -0.151703    0.0553077            0
     -0.087          0          8     5.46619     173.165     0.450714     0.723365    -0.153776     -0.14352    0.0527321            0
          0      0.087          8     5.42145     181.811     0.326054     0.877984    -0.173708    -0.173095     0.061071            0
      0.087      0.174          8     5.40109     183.782     0.488908      0.65545    -0.135711    -0.126216    0.0457969            0
      0.174      0.261          8     5.40983     173.332     0.432968     0.794043    -0.181964    -0.161289    0.0610905            0
      0.261      0.348          8     5.28606      174.58    -0.595075      3.84256     -3.41914      1.30718     -0.18004            0
      0.348      0.435          8     5.15647     180.597    -0.243158       3.0359     -2.74217      1.06336    -0.148554            0
      0.435      0.522          8     5.10408     176.318    -0.663314      4.27834      -3.9808      1.57475    -0.223015            0
      0.522      0.609          8     4.95983     175.391     0.860482      0.26171   -0.0946912   -0.0506926    0.0247943            0
      0.609      0.696          8     4.85756     167.587    -0.243347      3.40917     -3.28919      1.33585    -0.193825            0
      0.696      0.783          8     4.75924     161.153    -0.641768      4.62452     -4.51362      1.84527    -0.269054            0
      0.783      0.879          8      4.7125     163.664    -0.637687       4.7751     -4.75135      1.97017    -0.290464            0
      0.879      0.957          8     4.64664     181.693    -0.524358      4.48429       -4.423      1.81129    -0.263432            0
      0.957      1.044          8      4.5136     171.619    -0.742953      5.23376     -5.20176      2.14095    -0.312941            0
      1.044      1.131          8     4.30113     152.703    -0.552141      4.83644     -4.88294      2.03878    -0.302726            0
      1.131      1.218          8     4.33952     118.901     0.104548      3.25015     -3.50665      1.54542    -0.241948            0
      1.218      1.305          8     4.17153     116.213     -1.07757      7.05409     -7.66168      3.42299    -0.541743            0
      1.305      1.392          8     4.28559     108.004     0.978272     0.515781    -0.237251    -0.149714    0.0763402            0
      1.392      1.479          8     4.30244     107.297    -0.571072      5.49463     -5.94986      2.64278    -0.417457            0
      1.479      1.566          8     4.35318     125.453       1.0517     0.408261    -0.234817    -0.130191    0.0740659            0
      1.566      1.653          8     4.32028     92.0577     0.998461     0.453254    -0.238031    -0.153103    0.0827452            0
      1.653       1.74          8       4.385     93.9258      1.55542    -0.567915    0.0451718     0.145604   -0.0481332            0
       1.74       1.83          8       4.296     85.8941      1.10022     0.262532    -0.244035    -0.117266    0.0913277            0
       1.83       1.93          8     4.53618     65.5555     0.903911     0.429761    -0.219157    -0.160452    0.0920653            0
       1.93      2.043          8      4.7517     65.1538      0.79665     0.459719    -0.198893    -0.161956    0.0872282            0
      2.043      2.172          8     4.88397     62.1219     0.810322     0.349265    -0.197338    -0.134681    0.0904768            0
      2.172      2.322          8     5.28525      52.972     0.620259      0.43875    -0.147949     -0.15686    0.0876341            0
      2.322        2.5          8     5.64726     41.1404      0.55405      0.41609    -0.126303    -0.160425    0.0952643            0
        2.5       2.65          8     5.77366     34.3321     0.495046     0.426468     -0.10408    -0.179094    0.0994393            0
       2.65      2.853          8     5.98593     41.6313     0.254467      0.63851   -0.0464476    -0.216877    0.0754911            0
      2.853      2.964          8     6.04401     19.1779     0.308107      0.30268     0.184874    0.0304189    -0.104372            0
      2.964      3.489          8      6.8457     14.0626      5.82664     -3.70795     -5.70714     -1.73323      5.73544            0
      3.489      4.013          8     6.05978     18.8993   -0.0826623     0.179784     0.195912    0.0744418   -0.0746807            0
      4.013      5.191          8          10         100            1            0            0            0            0            0
