     -5.191     -4.013          8          10         100            1            0            0            0            0            0
     -4.013     -3.489          8     6.12247     13.6938    -0.154529     0.455889            0            0            0            0
     -3.489     -2.964          8      6.9879     19.9938     0.426925    0.0640909   -0.0412769   0.00980405     0.117332            0
     -2.964     -2.853          8     5.88155     18.5201     0.736709   0.00102564    -0.195581   -0.0495126     0.215371            0
     -2.853      -2.65          8     5.95286     27.3228     0.571214     0.134573   -0.0207424    -0.021453    0.0225811            0
      -2.65       -2.5          8     5.72615     36.8486     0.558224     0.298431    -0.105479    -0.125282    0.0895542            0
       -2.5     -2.322          8     5.64242     42.2632      0.51418     0.380583   -0.0970573    -0.133817    0.0809111            0
     -2.322     -2.172          8     5.39219     52.2243     0.671354     0.298914    -0.137962    -0.113062    0.0822114            0
     -2.172     -2.043          8     5.07164     62.0312     0.817472     0.235135    -0.170009   -0.0972558    0.0839273            0
     -2.043      -1.93          8     4.87918     76.7734     0.808129     0.333417     -0.16642    -0.117885    0.0745879            0
      -1.93      -1.83          8     4.60686     93.9771     0.827561     0.418894    -0.175268    -0.129008    0.0682927            0
      -1.83      -1.74          8     4.42937     77.2114     0.839164     0.477614    -0.192885    -0.146517    0.0741529            0
      -1.74     -1.653          8     4.26127     88.6563    -0.590805      5.66789     -6.57186      3.12915    -0.526171            0
     -1.653     -1.566          8     4.45502      89.055     0.886682     0.564494    -0.244315    -0.171636    0.0851373            0
     -1.566     -1.479          8     4.28474     119.496     0.264423      2.75861     -2.96806      1.29216    -0.199949            0
     -1.479     -1.392          8     4.19312     118.046     0.663221      2.11742     -2.67187      1.28228    -0.211714            0
     -1.392     -1.305          8     4.12294     124.989      1.50245    -0.354657   -0.0262457    0.0702915   -0.0108683            0
     -1.305     -1.218          8     4.05907     115.502     0.285622      3.11005     -3.59762      1.65415    -0.266813            0
     -1.218     -1.131          8      4.2777     116.539      1.38459    -0.217095   -0.0446796    0.0408829  -0.00237597            0
     -1.131     -1.044          8     4.22433     191.227    -0.508257       4.6498     -4.65622      1.92225    -0.280227            0
     -1.044     -0.957          8     4.37807     123.356      1.12312    0.0377996   -0.0740982   -0.0111272    0.0137355            0
     -0.957     -0.879          8     4.45756     181.998    -0.139111      3.46814     -3.50267      1.45839    -0.214403            0
     -0.879     -0.783          8     4.60512     176.098     0.079267      2.68975     -2.64664      1.08284    -0.157371            0
     -0.783     -0.696          8     4.69947     169.806      0.90863     0.227178   -0.0905234   -0.0447188    0.0223501            0
     -0.696     -0.609          8     4.78407     173.017     0.853178     0.277927    -0.101335   -0.0544613    0.0269162            0
     -0.609     -0.522          8     4.83254     175.196    -0.120345      2.92184     -2.74219      1.09171    -0.155406            0
     -0.522     -0.435          8     4.90848     177.831     0.750257     0.358981   -0.0943095   -0.0663082    0.0269544            0
     -0.435     -0.348          8     5.06402     180.134     0.556227     0.602629    -0.133297    -0.115728    0.0426616            0
     -0.348     -0.261          8     5.13214     178.993     0.596867     0.532584    -0.121166    -0.101266    0.0385362            0
     -0.261     -0.174          8     5.14165     183.554     0.521202     0.616671    -0.126773    -0.116255    0.0416722            0
     -0.174     -0.087          8     5.10904     176.026     0.691017      0.35434   -0.0689332   -0.0601357    0.0211951            0
     -0.087          0          8     5.25852     174.021     0.502513     0.617435    -0.121655    -0.116504    0.0413568            0
          0      0.087          8      5.2162     180.966     0.534706     0.570342    -0.108306    -0.104981    0.0363014            0
      0.087      0.174          8     5.21938     182.688     0.525513     0.602363     -0.12199    -0.113563    0.0405031            0
      0.174      0.261          8     5.16355     173.939     0.683204     0.391967   -0.0845568   -0.0700252    0.0260972            0
      0.261      0.348          8     5.12984     176.488      0.55308     0.633103    -0.151955    -0.125464     0.048437            0
      0.348      0.435          8     4.97431     186.192     0.713017     0.388804   -0.0947913   -0.0711392    0.0277119            0
      0.435      0.522          8     4.87706     175.359      0.76654     0.376258     -0.11358   -0.0733057    0.0322314            0
      0.522      0.609          8     4.85436     175.967     0.733189     0.435433    -0.126941   -0.0859838    0.0366348            0
      0.609      0.696          8     4.75043     167.134     0.893114     0.208005    -0.074755    -0.038038    0.0183065            0
      0.696      0.783          8     4.75898     160.245   -0.0968362      3.24002     -3.25299      1.35542    -0.200335            0
      0.783      0.879          8     4.60156     161.998    0.0611188      2.87445      -2.9365      1.23949    -0.184941            0
      0.879      0.957          8     4.59016     180.062    0.0589826      3.01179     -3.11671      1.31822    -0.196006            0
      0.957      1.044          8     4.36184     169.597     0.102903      3.00033     -3.12358      1.32347    -0.197617            0
      1.044      1.131          8     4.29063     167.483     0.186692      2.89765     -3.06346      1.30881    -0.196647            0
      1.131      1.218          8      4.1893     116.678     0.880141      1.20866     -1.57016     0.754682    -0.124274            0
      1.218      1.305          8     4.04872     116.067    -0.109465       4.3312     -4.95164      2.28044    -0.368755            0
      1.305      1.392          8     4.08391     109.669      1.33701   -0.0702571   -0.0946279   0.00119211    0.0154307            0
      1.392      1.479          8     4.23438     109.878    -0.263786      4.68657     -5.19844      2.34546    -0.374131            0
      1.479      1.566          8     4.19981     125.113   -0.0555257      4.03391     -4.51055      2.02711     -0.32046            0
      1.566      1.653          8       4.177     91.2574     0.966079     0.476727     -0.22037    -0.150996    0.0739363            0
      1.653       1.74          8     4.23468     92.4468     0.735772      1.64732     -2.11574      1.03165    -0.174254            0
       1.74       1.83          8     4.17231      109.02      1.07314      0.25401     -0.21625      -0.1015    0.0766439            0
       1.83       1.93          8     4.46712     65.0307     0.974889     0.312591    -0.210433    -0.129633    0.0862919            0
       1.93      2.043          8     4.63164     71.4799     0.778774     0.410444    -0.170384    -0.136203    0.0754821            0
      2.043      2.172          8     4.93994     60.3673      0.83155     0.269868    -0.179235    -0.109613     0.083409            0
      2.172      2.322          8     5.20838     50.2415     0.693951     0.313537    -0.145658    -0.120019     0.084295            0
      2.322        2.5          8     5.60936     41.6287     0.602685     0.300638    -0.118742    -0.118235    0.0877071            0
        2.5       2.65          8     5.71879     35.1204     0.525344     0.346022   -0.0974442     -0.14227     0.087588            0
       2.65      2.853          8      5.9412      41.276     0.393233      0.41935   -0.0611649    -0.142397    0.0742553            0
      2.853      2.964          8     5.99211     11.9938     0.264494     0.351499     0.275966    0.0659253    -0.229381            0
      2.964      3.489          8      7.0203     18.3934     0.414462    0.0886334   -0.0225912   0.00495579    0.0925468            0
      3.489      4.013          8     6.32047     22.9365   -0.0441538     0.176173     0.167229    0.0559068   -0.0538973            0
      4.013      5.191          8          10         100            1            0            0            0            0            0
