     -5.191     -4.013          8          10         100            1            0            0            0            0            0
     -4.013     -3.489          8     6.47868     8.70038     0.476784     0.362917     0.208106    0.0159297     -0.20785            0
     -3.489     -2.964          8     7.88543     24.0637      1.05882     0.250897   -0.0643429   -0.0825725    0.0164734            0
     -2.964     -2.853          8     8.74089     30.2193      1.15439     0.180899    -0.118028   -0.0883634    0.0326978            0
     -2.853      -2.65          8     9.28377     32.2104      1.06113     0.161512   -0.0994479   -0.0688791    0.0337621            0
      -2.65       -2.5          8     9.32407     45.2203      1.13997    0.0863089    -0.140652   -0.0618212    0.0520434            0
       -2.5     -2.322          8     9.71043     60.6599      1.09134    0.0609965     -0.12484   -0.0437206    0.0472616            0
     -2.322     -2.172          8     10.0093     75.9503     0.956873     0.114644   -0.0627507   -0.0299984    0.0195707            0
     -2.172     -2.043          8     10.1389     91.5771     0.967136     0.101137   -0.0617789   -0.0249077    0.0194819            0
     -2.043      -1.93          8     10.0934     90.0569     0.932995     0.122441    -0.045647   -0.0229405     0.013403            0
      -1.93      -1.83          8     10.0189     117.296     0.951698     0.110729   -0.0473503   -0.0206896    0.0126692            0
      -1.83      -1.74          8     10.1412     90.4775     0.983414     0.100122   -0.0558932   -0.0223378    0.0152913            0
      -1.74     -1.653          8     9.98104     114.257     0.981785     0.101925   -0.0549474   -0.0220551    0.0142034            0
     -1.653     -1.566          8     10.0515     116.857     0.762634     0.444918    -0.117025    -0.116229    0.0470422            0
     -1.566     -1.479          8     9.97942     150.738     0.784307     0.392219    -0.107071   -0.0894164    0.0363856            0
     -1.479     -1.392          8     9.83669     150.926     0.771518     0.453264    -0.126186    -0.108839    0.0436027            0
     -1.392     -1.305          8      9.7313     154.928     0.778604     0.447802    -0.119467    -0.106504    0.0415309            0
     -1.305     -1.218          8     9.83172     151.528     0.673357     0.572635    -0.132473    -0.134656    0.0506443            0
     -1.218     -1.131          8      9.7916     146.113     0.871336     0.316442   -0.0974529   -0.0733997    0.0308645            0
     -1.131     -1.044          8     9.90747     154.059     0.879531     0.270558   -0.0819635   -0.0592976     0.024851            0
     -1.044     -0.957          8     9.92924     196.387     0.988277    0.0909078   -0.0467718   -0.0161793   0.00963093            0
     -0.957     -0.879          8     9.93042     222.448     0.878354     0.227154   -0.0675875   -0.0420074     0.017161            0
     -0.879     -0.783          8     10.0631     206.891      0.91467     0.171657   -0.0611428   -0.0299911    0.0139948            0
     -0.783     -0.696          8     10.1416     204.641     0.903934     0.162205   -0.0522449   -0.0271302    0.0119525            0
     -0.696     -0.609          8      10.239     211.759     0.795639     0.282354   -0.0643228   -0.0515125    0.0189033            0
     -0.609     -0.522          8     10.3245     209.856     0.794209     0.291857     -0.06685   -0.0542217     0.019839            0
     -0.522     -0.435          8     10.3736     208.676     0.781697     0.272559    -0.053549   -0.0475412    0.0164004            0
     -0.435     -0.348          8     10.5384     212.287     0.829036       0.2206   -0.0505346   -0.0368882    0.0137629            0
     -0.348     -0.261          8     10.5327     215.832     0.809027     0.237631   -0.0507859    -0.039676    0.0143926            0
     -0.261     -0.174          8     10.5731     215.788     0.751168     0.290582   -0.0493466   -0.0498761    0.0161404            0
     -0.174     -0.087          8     10.5201     213.639     0.715134      0.34496   -0.0582501    -0.062389    0.0201123            0
     -0.087          0          8     10.5688     206.952     0.743273     0.312505   -0.0551066   -0.0557337    0.0183177            0
          0      0.087          8     10.5606     217.693     0.879832     0.119151   -0.0234621   -0.0126402   0.00457224            0
      0.087      0.174          8     10.5181     214.571     0.795382     0.252834   -0.0525903    -0.042838    0.0153658            0
      0.174      0.261          8     10.4406     210.161     0.788389     0.257481    -0.046961   -0.0435817    0.0143247            0
      0.261      0.348          8     10.5108     208.257     0.791016     0.252467   -0.0479159   -0.0425337    0.0144749            0
      0.348      0.435          8     10.4397     216.122     0.898019      0.11639   -0.0268354   -0.0134551   0.00507268            0
      0.435      0.522          8     10.4265      213.02     0.823812     0.241872   -0.0591116   -0.0420319    0.0162094            0
      0.522      0.609          8     10.3027     212.172     0.917664      0.10784    -0.032287   -0.0139361   0.00646911            0
      0.609      0.696          8     10.1631     210.304     0.855635     0.217089   -0.0564733   -0.0380824    0.0147996            0
      0.696      0.783          8     10.1565     199.933     0.667222     0.483286    -0.103308   -0.0985069    0.0350145            0
      0.783      0.879          8     10.1523     199.387     0.974859    0.0906582   -0.0454625   -0.0157938   0.00940042            0
      0.879      0.957          8       10.05     210.019     0.961585    0.0989416   -0.0408611   -0.0154824   0.00811831            0
      0.957      1.044          8     10.0265     207.831     0.905966     0.196364    -0.062101   -0.0355144    0.0151707            0
      1.044      1.131          8     9.88304     199.122      1.04432    0.0330295   -0.0439702  0.000279996   0.00514442            0
      1.131      1.218          8     9.82729     151.481     0.801742        0.386   -0.0979312   -0.0872599     0.033907            0
      1.218      1.305          8     9.65532     147.158      0.78009     0.433969    -0.110591    -0.100489    0.0392216            0
      1.305      1.392          8     9.89756     147.482     0.881369     0.307765    -0.100925   -0.0720304    0.0312577            0
      1.392      1.479          8     9.75702     149.622      1.04433    0.0754578   -0.0665105   -0.0210721    0.0153724            0
      1.479      1.566          8     9.94436     159.993      0.91082     0.251607   -0.0972191   -0.0560321    0.0269194            0
      1.566      1.653          8     9.95274      118.31       1.0178    0.0958735   -0.0627025   -0.0239112    0.0155123            0
      1.653       1.74          8     9.93314     117.089      0.70443     0.523563    -0.122814    -0.135524    0.0529015            0
       1.74       1.83          8     9.95734     113.958     0.999942    0.0998284    -0.059357   -0.0231766    0.0157173            0
       1.83       1.93          8     10.0568     92.2321     0.996325     0.106728   -0.0629486   -0.0265159    0.0181524            0
       1.93      2.043          8     10.0199     87.0607     0.988129     0.105128   -0.0625595   -0.0263273    0.0183384            0
      2.043      2.172          8     9.77683     71.9844      1.05042    0.0791799   -0.0943076   -0.0345467    0.0311391            0
      2.172      2.322          8     9.85544     67.9622      1.34434    -0.353966   -0.0578293     0.107315   -0.0104283            0
      2.322        2.5          8     9.76368     54.0716      1.07967    0.0755604    -0.116644    -0.044593     0.044219            0
        2.5       2.65          8      9.2903     44.3133      1.17912    0.0709305    -0.158682   -0.0662068    0.0605314            0
       2.65      2.853          8     9.27708      42.887      1.06963     0.137501   -0.0974596   -0.0559892    0.0315625            0
      2.853      2.964          8     8.89087      28.185      1.16525     0.147406    -0.142642   -0.0858156    0.0635017            0
      2.964      3.489          8     8.20875     19.6942      1.57431    -0.135026    -0.526259      -0.1853      0.41086            0
      3.489      4.013          8     6.51574     25.9436     0.646248     0.220672    0.0222354   -0.0208597  -0.00481327            0
      4.013      5.191          8          10         100            1            0            0            0            0            0
