     -5.191     -4.013          8          10         100            1            0            0            0            0            0
     -4.013     -3.489          8     6.20532     13.1531    -0.502067     0.719132            0            0            0            0
     -3.489     -2.964          8     6.77196     20.6738   -0.0240295     0.299942     0.280665    0.0890151    -0.131323            0
     -2.964     -2.853          8     5.72347     17.9909     0.392831     0.146853    0.0326702    0.0184441    0.0523068            0
     -2.853      -2.65          8     5.76247     27.5338    0.0464142     0.845869   -0.0942336    -0.388305      0.20261            0
      -2.65       -2.5          8     5.65337     36.0078    -0.157312      1.11032   -0.0702685    -0.409508     0.158403            0
       -2.5     -2.322          8     5.50525     39.8524     0.033296     0.975788    -0.146546    -0.348883     0.163784            0
     -2.322     -2.172          8     5.27078     57.0037     0.166714     0.900382    -0.183019    -0.291765     0.141938            0
     -2.172     -2.043          8     4.90355     62.0055     0.228853     0.988153    -0.239624    -0.300486     0.139782            0
     -2.043      -1.93          8     4.72176     77.0855     0.371413     0.925565    -0.254727    -0.283744      0.13278            0
      -1.93      -1.83          8     4.48858     95.3634     0.512133     0.905374    -0.289581    -0.262259     0.124496            0
      -1.83      -1.74          8     4.25868     77.5332     0.644597     0.897509    -0.352221    -0.280098     0.144669            0
      -1.74     -1.653          8     4.05715     91.3933     0.764256     0.805343    -0.359191    -0.255941     0.140563            0
     -1.653     -1.566          8     4.20077     90.4054     0.916894     0.741624    -0.384807    -0.255196     0.141131            0
     -1.566     -1.479          8     4.15074      118.85      0.47064      3.02199     -3.88396       1.9067    -0.323478            0
     -1.479     -1.392          8     4.01089     117.561      2.00561    -0.960093    0.0396788     0.194491   -0.0456438            0
     -1.392     -1.305          8     3.91796     132.412    -0.742792      6.38506     -7.16994       3.2793    -0.530667            0
     -1.305     -1.218          8     3.89452     116.154     0.830547     0.893762    -0.387565    -0.250696     0.127287            0
     -1.218     -1.131          8     4.06558     115.681     0.206878      3.59412     -4.35116      2.08438    -0.349749            0
     -1.131     -1.044          8     4.05799     122.839      -1.3049      7.43262     -7.96726      3.55431    -0.566566            0
     -1.044     -0.957          8     4.21444     124.009    -0.364041      4.53495     -4.94159      2.22881    -0.358337            0
     -0.957     -0.879          8     4.32768     183.816     -1.16935      6.44378     -6.54399      2.77128    -0.417862            0
     -0.879     -0.783          8     4.42068     177.971     -1.40612      6.72237     -6.59071      2.72715    -0.404499            0
     -0.783     -0.696          8     4.48038     173.274     -0.68782       4.9213     -4.97465      2.10534    -0.318113            0
     -0.696     -0.609          8      4.6024     164.371     -1.32318      6.46391     -6.38634      2.66908    -0.400293            0
     -0.609     -0.522          8     4.63378     177.315     -1.23432      6.02872     -5.82272      2.38786    -0.351979            0
     -0.522     -0.435          8     4.73227      178.15    -0.933284      5.27191     -5.14669      2.12883    -0.315946            0
     -0.435     -0.348          8     4.73704     181.159     -1.09226      5.40831     -5.06926       2.0306    -0.293816            0
     -0.348     -0.261          8     4.88612     181.588     -1.28112      5.88797       -5.537      2.22595    -0.322764            0
     -0.261     -0.174          8     4.90249     184.827     -1.36058      5.98914     -5.55208      2.20536     -0.31646            0
     -0.174     -0.087          8     4.82287     176.378     -1.22275      5.65506     -5.26876      2.10453    -0.304008            0
     -0.087          0          8     4.87705     174.811     -1.39353      5.94145     -5.44164      2.14671    -0.306939            0
          0      0.087          8     4.96644      181.07     -1.24265      5.64189     -5.20843      2.06561    -0.296432            0
      0.087      0.174          8     4.94984      184.49     -0.97887      4.92935     -4.53548      1.79667    -0.257794            0
      0.174      0.261          8     4.85066     176.519      -1.0233      5.17554     -4.84519      1.94484     -0.28225            0
      0.261      0.348          8      4.8143     180.388    -0.685012      4.44764     -4.27287      1.74914    -0.257622            0
      0.348      0.435          8     4.66738     185.868    -0.071258      2.90524     -2.86577      1.19639    -0.178528            0
      0.435      0.522          8     4.70072      176.15    -0.996047      5.53115     -5.44224      2.26192    -0.336944            0
      0.522      0.609          8     4.68521     179.143    -0.858557      5.10847      -4.9925      2.06349    -0.305961            0
      0.609      0.696          8     4.52872     170.069     -1.06796      5.61955     -5.44111      2.23678    -0.330969            0
      0.696      0.783          8     4.49396     156.423     -1.24365      6.36938     -6.34682      2.66852    -0.402799            0
      0.783      0.879          8     4.38541      163.16     -1.15649      6.23676     -6.26087      2.64188    -0.399272            0
      0.879      0.957          8     4.36978     179.728     -1.53668      7.42165     -7.47548      3.15089     -0.47377            0
      0.957      1.044          8     4.22732     169.597     -1.40387      7.41676     -7.65889      3.28208    -0.500678            0
      1.044      1.131          8     4.18488     173.245    0.0886441      3.69824     -4.27445      1.95706    -0.311579            0
      1.131      1.218          8     3.99718     117.875       0.6452      2.39019     -3.15671      1.57271    -0.269375            0
      1.218      1.305          8     3.85321     116.121    -0.927028       7.4708     -8.84136      4.23457    -0.713827            0
      1.305      1.392          8     3.94376     110.933     0.552591      3.08889     -4.16434      2.11358    -0.368419            0
      1.392      1.479          8     4.04137     102.199     0.348528      3.58108      -4.5664      2.25614    -0.388766            0
      1.479      1.566          8     4.02465     125.113     0.509953      2.43564     -2.54854     0.896976   -0.0789385            0
      1.566      1.653          8     4.00497     92.0124     0.807949     0.880524    -0.385572    -0.276952     0.140675            0
      1.653       1.74          8     4.02511     94.7715     0.758899     0.870794    -0.361808    -0.269827     0.137752            0
       1.74       1.83          8     4.01116      109.02      1.03438     0.483222    -0.365933    -0.188713     0.137818            0
       1.83       1.93          8     4.29119     66.6928     0.568075     0.909341    -0.325339    -0.302015     0.155192            0
       1.93      2.043          8     4.57859     71.8577     0.389772     0.948905    -0.271556    -0.292252     0.140143            0
      2.043      2.172          8     4.75781      61.896     0.389888     0.825983    -0.267089    -0.266756     0.149146            0
      2.172      2.322          8     5.11975     54.9426     0.222763     0.884681    -0.204894    -0.295118     0.148832            0
      2.322        2.5          8     5.49807     39.1336    0.0176695      1.00614    -0.147336    -0.358037     0.163927            0
        2.5       2.65          8      5.6725     32.4712   -0.0663299      1.04255   -0.0888516    -0.410998     0.173582            0
       2.65      2.853          8     5.79167     41.6313    -0.187712      1.09035   -0.0595761    -0.377523     0.144024            0
      2.853      2.964          8     5.82799     11.9938     -0.06106     0.429825     0.504885     0.195509    -0.381585            0
      2.964      3.489          8      6.8449     18.8282    -0.122075     0.379375     0.380965     0.113458    -0.222405            0
      3.489      4.013          8     6.26102     13.9475    -0.346231     0.222137     0.359389     0.172683    -0.185949            0
      4.013      5.191          8          10         100            1            0            0            0            0            0
