     -5.191     -4.013          8          10         100            1            0            0            0            0            0
     -4.013     -3.489          8     5.68759     13.5083    0.0232504     0.323325            0            0            0            0
     -3.489     -2.964          8     6.74875     20.1077     0.669207   -0.0327781    -0.194548   -0.0368502     0.223819            0
     -2.964     -2.853          8     6.16672     18.7252     0.485635     0.274157    0.0997382   -0.0150843   -0.0766855            0
     -2.853      -2.65          8     6.16154     25.4207     0.727718    0.0878756   -0.0958101    -0.045927    0.0589786            0
      -2.65       -2.5          8     6.03782     35.2057     0.737447     0.101873   -0.0707809   -0.0353145    0.0353455            0
       -2.5     -2.322          8     5.81712     44.0126     0.731198     0.113911   -0.0459038   -0.0232941    0.0230152            0
     -2.322     -2.172          8     5.68875     54.3456     0.882205    0.0473142   -0.0973328   -0.0270439    0.0414539            0
     -2.172     -2.043          8     5.33059     58.8737     0.992367    0.0110261     -0.11601   -0.0244985    0.0460851            0
     -2.043      -1.93          8     5.26954     70.1767     0.965011     0.133755    -0.112543   -0.0540027    0.0383527            0
      -1.93      -1.83          8     5.05586     95.9142      1.00027     0.157097    -0.112948   -0.0545516    0.0362298            0
      -1.83      -1.74          8     4.92874     79.7726      1.05667     0.157857    -0.125393   -0.0598027    0.0389307            0
      -1.74     -1.653          8     4.65087     84.9275     0.472667      1.22926    -0.398066    -0.367862     0.170259            0
     -1.653     -1.566          8     4.77082     88.4007      0.17984      1.82552    -0.556675    -0.549428     0.242225            0
     -1.566     -1.479          8     4.68653     120.218     -0.34138      4.44317     -4.59127      1.93376    -0.286337            0
     -1.479     -1.392          8     4.57088     116.387      -0.2891      4.29958     -4.38634      1.82121    -0.265869            0
     -1.392     -1.305          8     4.51027     118.996    -0.155611      4.14387     -4.40304      1.88967     -0.28464            0
     -1.305     -1.218          8      4.5273     115.217      1.14317     0.204691    -0.153761   -0.0643063    0.0407588            0
     -1.218     -1.131          8     4.67055     115.865      1.07182     0.290022    -0.168759    -0.084674    0.0477402            0
     -1.131     -1.044          8     4.61111     194.399    -0.358977      4.28136     -4.27249      1.73734    -0.247041            0
     -1.044     -0.957          8     4.82184     135.778     0.688885      1.35062     -1.49906     0.651829   -0.0983535            0
     -0.957     -0.879          8     4.86281     168.741   -0.0606858      3.24699     -3.23561      1.31888    -0.188467            0
     -0.879     -0.783          8      5.0542      172.55   -0.0514189      2.99051     -2.84996      1.12209     -0.15551            0
     -0.783     -0.696          8     5.14096     173.381     0.800031     0.414069    -0.137703   -0.0888576    0.0396846            0
     -0.696     -0.609          8     5.36062     173.569    -0.453326      3.77688      -3.4525      1.31859    -0.177254            0
     -0.609     -0.522          8     5.35448     174.597     0.626968     0.576452    -0.149992    -0.119472    0.0481508            0
     -0.522     -0.435          8      5.4454     174.279      0.65309     0.485998    -0.114593   -0.0958156    0.0369834            0
     -0.435     -0.348          8     5.62677     177.748      0.51198      0.67103    -0.146924    -0.136251    0.0505165            0
     -0.348     -0.261          8     5.69673     175.488     0.460724     0.740745    -0.166195    -0.153104    0.0583147            0
     -0.261     -0.174          8     5.66143     183.441     0.487881     0.653614    -0.129786    -0.128296      0.04586            0
     -0.174     -0.087          8     5.77381     175.174     0.362814     0.843034    -0.171504    -0.173347    0.0627942            0
     -0.087          0          8     5.84928     172.034     0.401182     0.777452    -0.153214    -0.158229    0.0564068            0
          0      0.087          8     5.80617     181.785     0.304976     0.911835    -0.176811    -0.186582    0.0657856            0
      0.087      0.174          8     5.74536     182.423     0.518023     0.596616     -0.11445     -0.11526    0.0406849            0
      0.174      0.261          8     5.89308     173.239     0.550882     0.586579    -0.124729    -0.117567    0.0437042            0
      0.261      0.348          8     5.68552     172.775     0.482863     0.709573    -0.153012    -0.145054    0.0534161            0
      0.348      0.435          8     5.70853     179.985      0.65041     0.458202   -0.0999275   -0.0883067    0.0327455            0
      0.435      0.522          8     5.43087     175.602     0.561197     0.654627    -0.161414     -0.13588    0.0534648            0
      0.522      0.609          8     5.41326     175.568     0.560755     0.659328    -0.159862    -0.136472     0.052909            0
      0.609      0.696          8     5.31317     168.318     0.741655      0.43622    -0.124237   -0.0901326    0.0375632            0
      0.696      0.783          8      5.1293     161.635       0.6246     0.704443      -0.2092    -0.156117    0.0658039            0
      0.783      0.879          8     4.98788     163.241     0.723866     0.584393     -0.18696    -0.129381     0.056398            0
      0.879      0.957          8     4.94601      181.98   -0.0272111      3.04521     -2.96314      1.18399    -0.166036            0
      0.957      1.044          8      4.7365     164.676    -0.152947       3.7079     -3.77016      1.55841    -0.225559            0
      1.044      1.131          8     4.67124     151.903    -0.134276      3.69025     -3.73083      1.53429    -0.221411            0
      1.131      1.218          8     4.60614     116.557      1.22997    0.0130176   -0.0994774   -0.0136137    0.0198556            0
      1.218      1.305          8      4.4456     113.967    -0.338086         4.81     -5.21068      2.28311    -0.350767            0
      1.305      1.392          8     4.56934     108.753      1.76743    -0.821014     0.100896     0.192968   -0.0631016            0
      1.392      1.479          8     4.63626     106.797    -0.457913      4.81655     -4.93166      2.05962     -0.30228            0
      1.479      1.566          8     4.64113     125.113    -0.750745      5.53306     -5.56434      2.28413    -0.328863            0
      1.566      1.653          8     4.59331     92.1631      1.74693    -0.808373     0.071288     0.205598   -0.0670674            0
      1.653       1.74          8     4.67552     91.2448      1.04268     0.338751    -0.187594    -0.112466     0.060306            0
       1.74       1.83          8     4.56326     85.7682     -1.03115      7.00241     -7.96947      3.72761    -0.613712            0
       1.83       1.93          8     4.74965     66.6978      1.22239  -0.00655133    -0.159705   -0.0384555    0.0501968            0
       1.93      2.043          8     4.98987     66.1643      1.10703     0.010655    -0.133191   -0.0312851    0.0455404            0
      2.043      2.172          8     5.19871      61.896      1.07705   -0.0147814    -0.141131   -0.0299965    0.0507466            0
      2.172      2.322          8     5.50532     51.6619     0.919674    0.0434643    -0.104788   -0.0292584    0.0430964            0
      2.322        2.5          8     5.80746     40.3885     0.828427    0.0697615   -0.0914969   -0.0325596    0.0423516            0
        2.5       2.65          8     5.92378     34.5347     0.752908    0.0997968   -0.0754882   -0.0379854    0.0349455            0
       2.65      2.853          8     6.17357     41.6313     0.589898     0.173654   0.00559131   -0.0237872  -0.00965009            0
      2.853      2.964          8     6.16299     19.6371     0.675915    0.0937404   -0.0811979   -0.0280976    0.0960789            0
      2.964      3.489          8     6.99948     13.4866     0.418414     0.145994   0.00946793   -0.0039861     0.070375            0
      3.489      4.013          8     5.71578     20.8241     0.106038     0.134093     0.093367     0.031512   -0.0205977            0
      4.013      5.191          8          10         100            1            0            0            0            0            0
