     -5.191     -4.013          8          10         100            1            0            0            0            0            0
     -4.013     -3.489          8     7.10537      14.188     0.797725    0.0841827            0            0            0            0
     -3.489     -2.964          8     8.05467     24.0253      1.28559    0.0928719    -0.246418    -0.114219     0.164626            0
     -2.964     -2.853          8     8.68231     23.5184      1.20027     0.201883    -0.145494    -0.120314    0.0451136            0
     -2.853      -2.65          8      9.1227     33.8141      1.32015    0.0234127    -0.251652   -0.0999923     0.117971            0
      -2.65       -2.5          8     9.25862     44.9019       1.8939    -0.998055    -0.092841     0.367098   -0.0785699            0
       -2.5     -2.322          8     9.64381     58.1029      1.55472    -0.651378   -0.0361435     0.230604   -0.0557822            0
     -2.322     -2.172          8     9.85845     74.7286       1.4599     -0.60166  -0.00183819     0.204927   -0.0504872            0
     -2.172     -2.043          8     9.73452     89.9561      1.45248    -0.568782   0.00816913     0.175752   -0.0426736            0
     -2.043      -1.93          8     9.77601     94.0535      1.28268    -0.363865    0.0115961     0.123643   -0.0341492            0
      -1.93      -1.83          8     9.69458     117.296      1.24885    -0.292212   0.00787964    0.0915173   -0.0245593            0
      -1.83      -1.74          8     9.66257     89.1827      1.37682    -0.450325    0.0186466     0.133519   -0.0357224            0
      -1.74     -1.653          8     9.55455     116.164      1.25278    -0.284482    0.0110608    0.0895274   -0.0265306            0
     -1.653     -1.566          8     9.70628     115.605      1.09354   -0.0275544   -0.0414329    0.0162758  0.000950013            0
     -1.566     -1.479          8     9.53734     150.086      1.18526    -0.155261   -0.0164156    0.0450577  -0.00964972            0
     -1.479     -1.392          8      9.4658     148.798      1.04112    0.0840187   -0.0613666   -0.0210029    0.0130765            0
     -1.392     -1.305          8     9.40049     156.933      1.08976    0.0239327   -0.0537743  -0.00156727   0.00684126            0
     -1.305     -1.218          8     9.44829     147.514     0.949713     0.209491   -0.0787043   -0.0449285    0.0210179            0
     -1.218     -1.131          8     9.42718     146.948      1.08135   0.00338153   -0.0371554   0.00672082   0.00213287            0
     -1.131     -1.044          8     9.57533     152.783      1.11164   -0.0567102   -0.0255075    0.0219436  -0.00320733            0
     -1.044     -0.957          8     9.59399     220.389      1.11363   -0.0769474   -0.0229971    0.0246981  -0.00337924            0
     -0.957     -0.879          8     9.72591     227.656      1.00817    0.0386248   -0.0329066 -0.000290029    0.0032074            0
     -0.879     -0.783          8     9.81269     214.829     0.980473    0.0537839   -0.0319684  -0.00227253    0.0035848            0
     -0.783     -0.696          8     9.90474     202.462     0.972711     0.047334   -0.0258627  -0.00048174   0.00219493            0
     -0.696     -0.609          8     9.94391     209.182     0.917657     0.108095   -0.0313347   -0.0137649   0.00603393            0
     -0.609     -0.522          8     10.0209     209.518     0.900589     0.115912   -0.0261815   -0.0132455   0.00473463            0
     -0.522     -0.435          8      10.038      213.57      0.96631    0.0207121   -0.0132204   0.00804429  -0.00139378            0
     -0.435     -0.348          8     10.1773     212.031     0.890026     0.116679   -0.0249936   -0.0129028   0.00467636            0
     -0.348     -0.261          8     10.1436     216.323     0.938334    0.0488732   -0.0145991   0.00241248 -3.29202e-05            0
     -0.261     -0.174          8     10.1221     214.232     0.930574    0.0357014  -0.00337874    0.0068755  -0.00292158            0
     -0.174     -0.087          8     10.1451     216.045     0.865655     0.126317   -0.0183984   -0.0121832   0.00309927            0
     -0.087          0          8     10.1835     208.252     0.865629     0.126056   -0.0183175   -0.0121528   0.00307459            0
          0      0.087          8     10.1563     217.098     0.919784    0.0453344  -0.00271948   0.00522204  -0.00273099            0
      0.087      0.174          8     10.2174     214.045     0.871016     0.122169   -0.0207482   -0.0122512    0.0038688            0
      0.174      0.261          8     10.1415     208.957     0.957574     0.015983  -0.00339063    0.0103282  -0.00374575            0
      0.261      0.348          8     10.1506     211.113      0.88437     0.119764   -0.0230792   -0.0127493   0.00417463            0
      0.348      0.435          8     10.1133     217.281     0.962138   0.00840412  -0.00155569     0.011849  -0.00435541            0
      0.435      0.522          8     10.1043     210.499     0.911798     0.110528   -0.0299866   -0.0136418   0.00577076            0
      0.522      0.609          8     9.93059     211.174      1.03251   -0.0536723  -0.00329889    0.0230815  -0.00616654            0
      0.609      0.696          8     9.90848     205.233     0.921954     0.108435   -0.0314422   -0.0138634   0.00595951            0
      0.696      0.783          8     9.83731     191.113     0.939075     0.100778   -0.0363082   -0.0143697    0.0072102            0
      0.783      0.879          8     9.79224     201.032      1.07607   -0.0714832   -0.0107501    0.0247163   -0.0053986            0
      0.879      0.957          8     9.74695     208.162      1.02235    0.0222052   -0.0317899   0.00325412   0.00238396            0
      0.957      1.044          8     9.61687     203.832      1.08454   -0.0479088   -0.0198657    0.0184017   -0.0027291            0
      1.044      1.131          8     9.50441     211.724      1.11779   -0.0728263   -0.0183487    0.0233472  -0.00397226            0
      1.131      1.218          8     9.43719     149.548      1.09442       -0.023   -0.0313503    0.0146955 -0.000465323            0
      1.218      1.305          8     9.27813     146.364      1.16717   -0.0847617   -0.0362736    0.0272694  -0.00213885            0
      1.305      1.392          8     9.39351     152.355      1.19824    -0.152211   -0.0140917    0.0434714   -0.0101087            0
      1.392      1.479          8     9.43431     151.202      1.39011    -0.405795    0.0113745      0.10311   -0.0269191            0
      1.479      1.566          8     9.53213     159.685      1.05198    0.0785458   -0.0660345   -0.0213131    0.0149425            0
      1.566      1.653          8     9.62366     117.799      1.13337   -0.0399456   -0.0519009    0.0162482   0.00291287            0
      1.653       1.74          8     9.52455     115.627      1.35215     -0.38823    0.0111078      0.11622   -0.0322085            0
       1.74       1.83          8     9.57747     125.822        1.259    -0.268773  0.000146142    0.0821741   -0.0215103            0
       1.83       1.93          8     9.58653      90.154      1.42228    -0.486522   0.00430334     0.151433   -0.0385974            0
       1.93      2.043          8      9.6831      84.663      1.29735     -0.36477    0.0112103     0.124507   -0.0358887            0
      2.043      2.172          8     9.72701     70.3471      1.45804    -0.574209  -0.00164388     0.194919   -0.0494773            0
      2.172      2.322          8     9.67675     67.6475      1.61261    -0.761134    -0.006524     0.247723   -0.0580813            0
      2.322        2.5          8     9.51839     51.7054      1.64693    -0.775305   -0.0348997     0.273926   -0.0638102            0
        2.5       2.65          8     9.23444     42.7159      1.24798    0.0298791    -0.197397   -0.0719341    0.0824882            0
       2.65      2.853          8     9.11997     47.7697      1.70486    -0.760277   -0.0698778     0.293871   -0.0687255            0
      2.853      2.964          8      8.8228      21.257      1.30443    0.0809451    -0.272732    -0.137613     0.178268            0
      2.964      3.489          8     8.12817     21.6319      1.07024     0.261362   -0.0639253    -0.088711    0.0179273            0
      3.489      4.013          8     7.30255     23.3271      0.76245     0.177955   -0.0472697   -0.0460335    0.0341806            0
      4.013      5.191          8          10         100            1            0            0            0            0            0
