     -5.191     -4.013          8          10         100            1            0            0            0            0            0
     -4.013     -3.489          8      6.5341     14.5806     0.707064     0.160332            0            0            0            0
     -3.489     -2.964          8     7.83089      22.854      1.06503     0.249691   -0.0692983   -0.0859177    0.0205982            0
     -2.964     -2.853          8     8.53828     26.8789      1.58083   -0.0849541    -0.411206    -0.148192     0.226196            0
     -2.853      -2.65          8      8.9757     34.1057      1.16845     0.105143    -0.160978    -0.080121    0.0680909            0
      -2.65       -2.5          8      9.0716     44.4659       1.1681    0.0683698    -0.155687   -0.0630607    0.0604827            0
       -2.5     -2.322          8     9.71261     58.1513      1.05316    0.0798859    -0.109653   -0.0423155    0.0418075            0
     -2.322     -2.172          8     9.78871     72.8153      1.14687    -0.168652     -0.03605    0.0647824  -0.00787459            0
     -2.172     -2.043          8     9.76948     89.9561      1.18344    -0.200429   -0.0313666    0.0655826  -0.00767128            0
     -2.043      -1.93          8     9.79929     94.0057     0.941313     0.117215   -0.0488853    -0.022651    0.0151066            0
      -1.93      -1.83          8     9.64931     117.296     0.948479     0.117435   -0.0430226   -0.0202895    0.0108944            0
      -1.83      -1.74          8     9.60276     89.1827      0.99447    0.0909458   -0.0598542   -0.0214404    0.0176173            0
      -1.74     -1.653          8     9.57002     114.734     0.965421     0.114955   -0.0460081   -0.0211811    0.0109817            0
     -1.653     -1.566          8     9.67154     115.882     0.802317     0.398815    -0.111496    -0.102377    0.0425893            0
     -1.566     -1.479          8     9.49509     150.086      1.01003    0.0901437   -0.0549225   -0.0193852    0.0123056            0
     -1.479     -1.392          8     9.50104     148.754     0.756493     0.482526    -0.130042    -0.116036    0.0454858            0
     -1.392     -1.305          8     9.37585     158.499     0.983085     0.182576   -0.0838624   -0.0411622    0.0207736            0
     -1.305     -1.218          8     9.35219     148.243     0.787584     0.443321    -0.121762    -0.103252     0.041633            0
     -1.218     -1.131          8     9.24407     147.351     0.967349     0.191962    -0.078635    -0.042365    0.0204018            0
     -1.131     -1.044          8     9.48217     152.782      1.00732    0.0969757   -0.0516216    -0.019216    0.0111152            0
     -1.044     -0.957          8     9.51677     220.389      1.01678    0.0550052   -0.0457082  -0.00300524   0.00557754            0
     -0.957     -0.879          8      9.6707     227.656     0.973909    0.0949793   -0.0434886   -0.0156548   0.00857096            0
     -0.879     -0.783          8     9.62496     200.405     0.962667    0.0934783   -0.0418017   -0.0149852   0.00846734            0
     -0.783     -0.696          8     9.72716     202.018     0.993264    0.0336556   -0.0295704   0.00215411   0.00221586            0
     -0.696     -0.609          8     9.84452     211.254     0.925927     0.105745   -0.0334491   -0.0141027    0.0064984            0
     -0.609     -0.522          8      10.002     209.115     0.913923     0.110974   -0.0298255   -0.0136949   0.00560115            0
     -0.522     -0.435          8     9.97506     211.783     0.894914     0.114442   -0.0264042   -0.0129674   0.00510195            0
     -0.435     -0.348          8     10.0471     211.606     0.895928     0.114397   -0.0266401     -0.01309   0.00507227            0
     -0.348     -0.261          8     10.0634     215.848      0.83502     0.187098   -0.0363437   -0.0268694    0.0091625            0
     -0.261     -0.174          8     10.1272     214.802     0.871352     0.123218   -0.0204893   -0.0123699   0.00368314            0
     -0.174     -0.087          8     10.1304     217.642     0.773602      0.25651   -0.0406677   -0.0411809    0.0125773            0
     -0.087          0          8     10.1592     208.248     0.770789     0.258462   -0.0405296   -0.0416914    0.0127171            0
          0      0.087          8     10.1006     216.328     0.924077    0.0518195  -0.00824102   0.00406627  -0.00185559            0
      0.087      0.174          8     10.1229      214.33     0.827394     0.199656   -0.0400214   -0.0297807    0.0104079            0
      0.174      0.261          8     10.0651      209.02     0.880261     0.122587    -0.021506   -0.0126864   0.00370768            0
      0.261      0.348          8     10.0312     210.011     0.789434     0.247517   -0.0439628   -0.0401985    0.0130351            0
      0.348      0.435          8     10.0146     217.177     0.923232    0.0728415   -0.0169441  -0.00216941  0.000809292            0
      0.435      0.522          8     9.97935     210.001      0.84974     0.205143   -0.0513015   -0.0332763      0.01289            0
      0.522      0.609          8     9.85868     211.377     0.958622    0.0528393   -0.0239713  0.000237851   0.00166494            0
      0.609      0.696          8      9.7951     205.386      0.93477     0.103387   -0.0348582   -0.0142281   0.00674879            0
      0.696      0.783          8     9.76304     191.069       0.8153     0.287559     -0.07621   -0.0545023    0.0214575            0
      0.783      0.879          8     9.71417     201.032     0.948742     0.099503   -0.0378481   -0.0146142   0.00747382            0
      0.879      0.957          8     9.74395     210.068     0.886847     0.195648   -0.0583776   -0.0331818    0.0139354            0
      0.957      1.044          8     9.45159     206.109      1.03013    0.0266024    -0.034556   0.00286558   0.00277696            0
      1.044      1.131          8     9.43665     211.724       1.0304    0.0397868   -0.0349824  -0.00028133   0.00324713            0
      1.131      1.218          8     9.39666     149.885     0.904335     0.263939   -0.0868856    -0.057867    0.0253936            0
      1.218      1.305          8     9.28071     145.887     0.948512     0.216491   -0.0830391   -0.0469194     0.022483            0
      1.305      1.392          8     9.33789     152.384      1.02301    0.0933166    -0.055024   -0.0197871    0.0119202            0
      1.392      1.479          8     9.24753     146.291      1.24481    -0.173696   -0.0407324    0.0439166  -0.00443755            0
      1.479      1.566          8     9.48863     117.258     0.884325      0.33247    -0.119985    -0.088752    0.0408161            0
      1.566      1.653          8     9.59997      115.51     0.828715     0.346372    -0.093761   -0.0860238    0.0350597            0
      1.653       1.74          8     9.49049     115.811      1.14154    -0.105579   -0.0278041    0.0392777  -0.00625013            0
       1.74       1.83          8     9.45979     96.5512      1.01396    0.0966991   -0.0608385   -0.0233273    0.0160824            0
       1.83       1.93          8     9.56579     91.3551      1.16059    -0.139071   -0.0331279    0.0486751  -0.00496403            0
       1.93      2.043          8     9.73215     84.4142     0.970732     0.114349   -0.0545758   -0.0252245    0.0152553            0
      2.043      2.172          8     9.64786     70.3471      1.27265    -0.292327   -0.0415143     0.096479   -0.0127436            0
      2.172      2.322          8     9.63179     67.6524      1.31998    -0.358351   -0.0410255     0.116162   -0.0159643            0
      2.322        2.5          8     9.54681     52.2396      1.06667    0.0680213    -0.117041   -0.0418864    0.0476527            0
        2.5       2.65          8     9.16551     43.2387      1.15147     0.066962    -0.154022   -0.0612647    0.0636977            0
       2.65      2.853          8     9.01345     42.5314      1.19012     0.055011    -0.170106   -0.0627193    0.0759371            0
      2.853      2.964          8     8.73165     16.4089      1.07126     0.222579    -0.130223    -0.121366    0.0977131            0
      2.964      3.489          8     7.85819      20.029      1.50692    -0.039075    -0.429932    -0.172455      0.31145            0
      3.489      4.013          8     6.51185     24.8193     0.674522     0.210901   0.00576945   -0.0263924   0.00404855            0
      4.013      5.191          8          10         100            1            0            0            0            0            0
