# parameters for L4 EM fraction corrections from S.Esen
#etaMin etaMax nParm p0:const   aeta       emf        aeta2      aeta*emf     emf2       aeta3       aeta2*emf     aeta*emf2     emf3       aeta4       aeta3*emf     aeta2*emf2     aeta*emf3     emf4        aeta3*emf2      p1:const      aeta         emf         aeta2       aeta*emf       emf2        aeta3        aeta2*emf    aeta*emf2    emf3         aeta4     aeta3*emf     aeta2*emf2    aeta*emf3  emf4    aeta3*emf2 
 
-5.5   -3.0    32      0        0           0          0          0           0           0           0             0             0          0           0            0               0            0             0              0              0            0           0            0            0          0             0            0            0              0        0             0               0          0       0 

-3.0   -1.75   32    -8.8593   7.7887    -46.9691    -6.5333     94.7768     54.5468     2.8301     -46.4722      -120.06       32.3444    -0.4132     7.0239        57.4422         0           -17.6271      -8.729          0.0833        -0.1203      -0.1204      0.0533       0.1874        0         -0.0075       -0.0873      -0.0122      -0.0249         0        0.0125        0.0174          0          0      -0.0036               

-1.75  -1.25   32    -6.7517   2.0054    -2.7061      0.0643     33.9557    -6.5329     -0.7107     -23.4265      -43.1836      42.1415     0.2494     6.2212        28.2499         0           -22.2988      -7.4429         0.0256        -0.0333      -0.0319      0.0049       0.0336        0          0.0028        0.0314       0.0256      -0.0226         0       -0.0231       -0.0594          0          0       0.0290     

-1.25   1.25   32    -5.324    -0.6605    16.7402     2.9274     4.9453     -32.5899    -2.1961     -11.6346      -6.4951       43.2094     0.5185     5.4012        13.4207         0           -22.6412      -6.3203        -0.0015         0.0071       0.0089     -0.0166      -0.0358        0          0.0071        0.0806       0.0401      -0.0200         0       -0.0368       -0.0882          0          0       0.0410

 1.25   1.75   32    -6.7517    2.0054    -2.7061     0.0643     33.9557     -6.5329    -0.7107     -23.4265      -43.1836      42.1415     0.2494     6.2212        28.2499         0           -22.2988      -7.4429         0.0256        -0.0333      -0.0319      0.0049       0.0336        0          0.0028        0.0314       0.0256      -0.0226         0       -0.0231       -0.0594          0          0       0.0290                

 1.75   3.0    32    -8.8593   7.7887    -46.9691    -6.5333     94.7768     54.5468     2.8301     -46.4722      -120.06       32.3444    -0.4132     7.0239        57.4422         0           -17.6271      -8.729          0.0833        -0.1203      -0.1204      0.0533       0.1874        0         -0.0075       -0.0873      -0.0122      -0.0249         0        0.0125        0.0174          0          0      -0.0036       

 3.0    5.5    32      0        0           0          0           0           0           0           0            0             0          0           0            0               0            0             0              0              0            0           0            0            0          0             0            0            0              0        0             0               0          0       0 
