     -5.191     -4.889          8     4.39833     19.3638      1.52551     0.494859    0.0290779   -0.0825387   -0.0548022            0
     -4.889     -4.716          8     5.12061     17.7941     0.905919     0.737388      0.37731  -0.00347376    -0.312452            0
     -4.716     -4.538          8     6.68741     57.4047      1.00561     0.227824  -0.00840035   -0.0361288   -0.0180874            0
     -4.538     -4.363          8     7.34428     92.2824      1.52717    -0.598775   0.00334491     0.154519   -0.0365638            0
     -4.363     -4.191          8      7.6042     79.0366      1.34801    -0.464203 -0.000301691     0.138379   -0.0368253            0
     -4.191     -4.013          8      8.6835      99.526     0.965721    -0.107225    0.0219027    0.0548504   -0.0223356            0
     -4.013     -3.839          8     8.53619     141.714      1.01353     -0.13118    0.0266553    0.0542178   -0.0247697            0
     -3.839     -3.664          8     7.97685       182.9      1.01804   -0.0528005   -0.0137697    0.0190948  -0.00579175            0
     -3.664     -3.489          8     7.83794     216.568      1.21101     -0.21742   0.00838778    0.0506012   -0.0168444            0
     -3.489     -3.314          8     7.30282     187.714      1.03122     0.274378    -0.142764   -0.0716747    0.0343083            0
     -3.314     -3.139          8      6.7861     301.837      1.32972    -0.111817    -0.059066   0.00679573   0.00426179            0
     -3.139     -2.964          8     6.96625     306.479     0.923811     0.492848    -0.160023    -0.107203    0.0383051            0
     -2.964     -2.853          8     6.81383     283.598      1.41205    -0.290954    0.0301516      0.06046   -0.0178864            0
     -2.853      -2.65          8     7.37983     524.362      1.24816    -0.133537   0.00188228    0.0221109  -0.00547191            0
      -2.65       -2.5          8     7.50604     428.347      1.32852    -0.318159    0.0429931    0.0575613   -0.0173677            0
       -2.5     -2.322          8     7.75003     563.633      1.18202    -0.188763    0.0327086     0.034383   -0.0108749            0
     -2.322     -2.172          8     8.08889     791.063      1.82774     -2.02095      1.73493    -0.615696    0.0773512            0
     -2.172     -2.043          8      8.3787     786.308     0.917935    0.0931773  -0.00729498  -0.00516652  0.000151074            0
     -2.043      -1.93          8     7.86958     1003.74       1.9002     -2.04476      1.68936     -0.58317    0.0716064            0
      -1.93      -1.83          8     7.55993     948.861      1.86007     -1.75204      1.37182    -0.458184     0.054781            0
      -1.83      -1.74          8     8.18026     1010.85      1.04781  -0.00255062 -0.000848454   0.00397324  -0.00154323            0
      -1.74     -1.653          8     7.97903      1028.3     0.946762      0.10488    -0.023202  -0.00769217   0.00215454            0
     -1.653     -1.566          8     8.17086      1096.7     0.645312     0.913542    -0.734902     0.245236   -0.0294601            0
     -1.566     -1.479          8     7.93757     1602.18      1.05134  -0.00549107   -0.0116471   0.00416205 -0.000574716            0
     -1.479     -1.392          8     8.32678     1538.39      1.17436    -0.155141    0.0163201      0.02215  -0.00565003            0
     -1.392     -1.305          8     8.14475     1658.08     0.668033     0.881366    -0.695896     0.224788   -0.0261044            0
     -1.305     -1.218          8     7.84202     1878.83      1.09312   -0.0412867 -1.38927e-05   0.00756241  -0.00203987            0
     -1.218     -1.131          8     7.89028     2167.72      1.12975   -0.0779881   0.00389166    0.0106554  -0.00250588            0
     -1.131     -1.044          8     8.17635     2578.61      1.00084    0.0225839   -0.0064801  0.000969315  -0.00035197            0
     -1.044     -0.957          8     8.12148     2610.14      1.05395   -0.0390912   0.00217682   0.00723455  -0.00187959            0
     -0.957     -0.879          8     8.48219     3138.83      1.04055   -0.0465632   0.00719323    0.0071016  -0.00193286            0
     -0.879     -0.783          8     8.34755     3101.04      1.08818   -0.0968398    0.0140113    0.0109444  -0.00270062            0
     -0.783     -0.696          8     8.36036      3132.4     0.954798    0.0389566  -0.00957881 -0.000191641  0.000154848            0
     -0.696     -0.609          8     8.26611      3617.8     0.972582    0.0088453  -0.00248952   0.00229724 -0.000531032            0
     -0.609     -0.522          8     8.67845     3610.59     0.981929  -0.00224073  0.000441219   0.00299658 -0.000743565            0
     -0.522     -0.435          8     8.65204     3610.99     0.940818    0.0388473  -0.00638245 -0.000421999  0.000120126            0
     -0.435     -0.348          8      8.6968     3641.76     0.990786   -0.0070762  4.85207e-05   0.00306767 -0.000696825            0
     -0.348     -0.261          8     8.81523     3612.36     0.914208    0.0691991   -0.0118671  -0.00293428  0.000765092            0
     -0.261     -0.174          8     8.72793      3609.6     0.931426    0.0420353  -0.00453525 -0.000378353 -0.000118798            0
     -0.174     -0.087          8     8.81822      3598.8     0.895386    0.0773791    -0.009403  -0.00304562  0.000409036            0
     -0.087          0          8      8.7327     3627.87     0.959274    0.0126563   0.00019469   0.00253638 -0.000868077            0
          0      0.087          8     8.73455      3627.5     0.941377    0.0403253  -0.00649757  0.000215512 -0.000206835            0
      0.087      0.174          8     8.95612     3628.77     0.955204     0.013175  0.000398049   0.00233123 -0.000810272            0
      0.174      0.261          8     8.53394     3636.29     0.979554  -0.00683027   0.00328547   0.00399697  -0.00125509            0
      0.261      0.348          8     8.40935     3626.01     0.992458   -0.0117514  0.000961289   0.00330152 -0.000687956            0
      0.348      0.435          8     8.64832      3646.8     0.963449     0.014928  -0.00272603   0.00127524 -0.000264958            0
      0.435      0.522          8     8.81478     3612.64     0.871757     0.103897   -0.0157522  -0.00551113   0.00127091            0
      0.522      0.609          8     8.67246     3621.69     0.912119    0.0703098   -0.0114781  -0.00295274  0.000702868            0
      0.609      0.696          8     8.39806     3660.34      1.00694   -0.0270048     0.005247   0.00466661  -0.00124055            0
      0.696      0.783          8     8.73902     3119.18      1.01803   -0.0366798   0.00569677   0.00606874  -0.00155583            0
      0.783      0.879          8      8.5945     3183.53     0.959218    0.0368651   -0.0087894  0.000181154  1.57333e-05            0
      0.879      0.957          8     8.27533     3076.49      1.01136  -0.00361994  -0.00412981   0.00319186 -0.000614494            0
      0.957      1.044          8     8.24363     2493.53      1.04097   -0.0374106   0.00421132   0.00735172  -0.00197565            0
      1.044      1.131          8     7.99663     2200.39      1.55121    -0.975847     0.646783    -0.181276    0.0179505            0
      1.131      1.218          8     8.19711      2063.9      1.13861   -0.0837953   0.00320101    0.0119691  -0.00280547            0
      1.218      1.305          8     8.02679     2204.55      1.13075   -0.0727038   0.00211607   0.00993223  -0.00230291            0
      1.305      1.392          8     7.84338     2090.58       1.1265   -0.0587516  -0.00450809   0.00753774  -0.00133842            0
      1.392      1.479          8     7.82572     1541.66      1.14676      -0.1059   0.00563286    0.0156255  -0.00378921            0
      1.479      1.566          8     8.34488     1722.05     0.769593     0.559358    -0.414613     0.127789   -0.0143946            0
      1.566      1.653          8     8.01299     1070.45     0.597887      1.05105    -0.864336     0.295695   -0.0365197            0
      1.653       1.74          8     7.85442     1040.88      1.10054   -0.0673077   0.00445532    0.0127681  -0.00333356            0
       1.74       1.83          8     7.86062     1017.45      1.72843     -1.57396      1.28465    -0.441069    0.0538345            0
       1.83       1.93          8     7.86939     1027.92      1.93358     -1.92975       1.5033    -0.496992      0.05882            0
       1.93      2.043          8     8.28009     1018.25     0.904321     0.147181   -0.0246153   -0.0130293   0.00305417            0
      2.043      2.172          8      8.1695     753.697      1.01749   -0.0229417    0.0138803    0.0100213  -0.00432979            0
      2.172      2.322          8     8.29893      779.27        1.294    -0.895776     0.882063    -0.336157    0.0437546            0
      2.322        2.5          8     7.95405     558.405        1.383    -0.880672     0.812573    -0.314388    0.0428416            0
        2.5       2.65          8     7.62623     542.392      2.37676     -2.94637      2.38826    -0.832928      0.10486            0
       2.65      2.853          8     7.24149       393.6       1.2992    -0.229785    0.0244435    0.0427869   -0.0126716            0
      2.853      2.964          8     7.08786     291.806      1.27798    -0.126464    0.0117698    0.0318182    -0.010803            0
      2.964      3.139          8     7.03198     338.778     0.821762     0.588814    -0.161161     -0.11551    0.0369754            0
      3.139      3.314          8     6.86932     292.232      1.30586  -0.00839852    -0.101595   -0.0204565    0.0165076            0
      3.314      3.489          8      7.5383     206.964      1.01692      0.17078    -0.074305   -0.0368619    0.0132096            0
      3.489      3.664          8     8.00009      183.91     0.821824     0.368223    -0.128702     -0.08982    0.0388162            0
      3.664      3.839          8     7.94359     173.297      1.22507     -0.31357    0.0232222    0.0801579   -0.0261588            0
      3.839      4.013          8     8.61282     132.303     0.892222      0.05204   -0.0109767   0.00102952  -0.00367482            0
      4.013      4.191          8     8.30298     103.253       1.0003    -0.119832    0.0148453    0.0530838   -0.0209046            0
      4.191      4.363          8      8.0147     136.768       1.0934    -0.155855  -0.00169445    0.0468966   -0.0138947            0
      4.363      4.538          8     7.66122     61.8444      1.23859    -0.339248    0.0140056     0.123107    -0.040308            0
      4.538      4.716          8     6.23797     54.4881      1.39379    -0.253236   -0.0264182     0.102337   -0.0386958            0
      4.716      4.889          8     5.06542     49.8876      1.03034     0.704922    0.0768718    -0.120471   -0.0245799            0
      4.889      5.191          8     4.05672     26.6366      1.29398      1.19578   -0.0869743    -0.452901    0.0380184            0
