     -5.191     -4.889          8     4.78167     23.7114     0.969729      1.16044   -0.0359634     -0.48611    0.0460871            0
     -4.889     -4.716          8      5.7802     31.1763     0.220019      1.65273     0.099509    -0.553865    0.0489865            0
     -4.716     -4.538          8     7.03772      49.669      1.04557     0.212112   -0.0301914   -0.0390975   -0.0020979            0
     -4.538     -4.363          8     7.49392     90.1591      1.14638   -0.0976318   -0.0073755    0.0393955   -0.0206285            0
     -4.363     -4.191          8     7.92138     78.9373      1.03024    -0.124853    0.0263141    0.0612923   -0.0281519            0
     -4.191     -4.013          8     8.75617     99.1655     0.900156   -0.0150075    0.0253859    0.0356102    -0.021041            0
     -4.013     -3.839          8     8.41521     146.076     0.904074    0.0497366  -0.00256879   0.00464458  -0.00727374            0
     -3.839     -3.664          8     8.18871     182.076      1.29886    -0.427032    0.0537719     0.106322   -0.0363112            0
     -3.664     -3.489          8     8.15682     198.613     0.915862     0.127723   -0.0214697   -0.0153418 -2.26077e-05            0
     -3.489     -3.314          8     7.67345      212.27     0.924269     0.336612     -0.11208   -0.0774015    0.0292047            0
     -3.314     -3.139          8     6.86074     301.582      1.13312     0.109069   -0.0724767   -0.0249822    0.0090019            0
     -3.139     -2.964          8     6.81927     315.396      1.17597     0.101544   -0.0608462   -0.0256215   0.00747346            0
     -2.964     -2.853          8     7.00756     393.874      1.33671    -0.229518    0.0240344    0.0438882    -0.012483            0
     -2.853      -2.65          8     7.38948       524.5      1.38028    -0.355234    0.0495424     0.058181   -0.0168877            0
      -2.65       -2.5          8     7.49194     427.285      1.42619    -0.457725    0.0641027    0.0805329    -0.023584            0
       -2.5     -2.322          8     7.64885      567.09      1.21131    -0.222891    0.0335043    0.0387034   -0.0114479            0
     -2.322     -2.172          8     7.98744     765.163      1.04178   -0.0384701   0.00898754    0.0108842  -0.00382036            0
     -2.172     -2.043          8     8.49804     787.475      1.38662    -0.974441     0.882614    -0.325833    0.0421818            0
     -2.043      -1.93          8     8.52573     1004.56      1.33141    -0.856135     0.774854    -0.278761    0.0345942            0
      -1.93      -1.83          8     8.00784       953.2      1.72584      -1.6106      1.32339    -0.452821    0.0547145            0
      -1.83      -1.74          8     8.14677     1016.59      1.09912   -0.0686391     0.011057    0.0125748  -0.00395132            0
      -1.74     -1.653          8     8.08017     1037.86      1.08677   -0.0717732    0.0108971    0.0136242  -0.00402036            0
     -1.653     -1.566          8     8.24997      1095.1     0.948337    0.0892358    -0.019349  -0.00633466   0.00168241            0
     -1.566     -1.479          8       8.143     1600.21     0.986731    0.0487823   -0.0146715 -0.000957166  0.000263135            0
     -1.479     -1.392          8     8.07141      1522.8      1.09042   -0.0672041   0.00338948    0.0123262  -0.00306702            0
     -1.392     -1.305          8     8.29407     1647.91       1.0279    0.0342225   -0.0173029  0.000207223  0.000263718            0
     -1.305     -1.218          8     8.00835     1871.73      1.08661   -0.0375718 -0.000422784   0.00688938  -0.00176124            0
     -1.218     -1.131          8      8.0275     2162.02      1.06856   -0.0204784  -0.00395227   0.00578314  -0.00139613            0
     -1.131     -1.044          8     7.92825     2570.79      1.06625   -0.0398558   0.00249742   0.00657288  -0.00168909            0
     -1.044     -0.957          8     8.17165     2606.44      1.06253   -0.0432875   0.00141817   0.00722723  -0.00170974            0
     -0.957     -0.879          8     8.26489      3135.8      1.04182   -0.0249353  -0.00242777   0.00481743 -0.000936667            0
     -0.879     -0.783          8     8.39756      3105.8      1.05081   -0.0527049   0.00468575   0.00739153  -0.00167346            0
     -0.783     -0.696          8     8.39697     3132.91     0.986572    0.0122212    -0.006647   0.00184253 -0.000249777            0
     -0.696     -0.609          8      8.5881      3615.9      1.01188   -0.0195733 -0.000587116   0.00431127 -0.000846001            0
     -0.609     -0.522          8     8.57621     3605.83     0.997014   -0.0118219   0.00019208   0.00367306 -0.000784762            0
     -0.522     -0.435          8     8.94803     3605.84     0.736179      0.44826    -0.286656    0.0797028  -0.00809489            0
     -0.435     -0.348          8     8.34702     3638.17     0.952356    0.0352783  -0.00807876 -0.000213715  0.000174034            0
     -0.348     -0.261          8     8.55187     3609.75     0.972515    0.0136003   -0.0042358   0.00155286 -0.000228561            0
     -0.261     -0.174          8     8.89243     3607.53     0.991943   -0.0296572    0.0102118   0.00604491  -0.00202148            0
     -0.174     -0.087          8     9.00933     3597.82     0.889639     0.084295   -0.0118559  -0.00337795  0.000623113            0
     -0.087          0          8     9.05353     3626.61     0.966324    0.0128748  -0.00185972   0.00249123  -0.00075372            0
          0      0.087          8     8.87359      3625.5      0.80667     0.311251    -0.200878    0.0589596  -0.00653434            0
      0.087      0.174          8     8.95044     3627.38     0.989001   -0.0214206   0.00603472   0.00525888  -0.00156341            0
      0.174      0.261          8     8.57771     3638.27      1.06961   -0.0915347    0.0154438    0.0104843  -0.00272897            0
      0.261      0.348          8     8.60318     3628.01     0.948863    0.0349451  -0.00760373 -0.000172389  0.000211882            0
      0.348      0.435          8     8.78369     3648.62     0.960324    0.0207567  -0.00485297   0.00125858 -0.000247843            0
      0.435      0.522          8     8.63515     3620.31     0.855491     0.125461   -0.0206988   -0.0071222   0.00176166            0
      0.522      0.609          8     8.77287     3624.22     0.942771    0.0467714  -0.00977979  -0.00106153  0.000380516            0
      0.609      0.696          8     8.54253     3657.67       1.0148   -0.0349006   0.00648683   0.00530922  -0.00140564            0
      0.696      0.783          8     8.80635     3111.53      1.03829   -0.0473494   0.00516712   0.00675701  -0.00157826            0
      0.783      0.879          8     8.51258     3164.59      1.05448   -0.0509308   0.00357721   0.00713957  -0.00157055            0
      0.879      0.957          8     8.14225      3072.8      1.12455    -0.113474    0.0129096    0.0123356  -0.00286103            0
      0.957      1.044          8     8.02967     2608.08      1.13657    -0.126878    0.0165931    0.0149773  -0.00373517            0
      1.044      1.131          8      8.0732     2205.38      1.11988    -0.105572    0.0149799    0.0140977   -0.0037865            0
      1.131      1.218          8     7.96323     2040.66      1.07724    -0.030075  -0.00312213   0.00677596  -0.00155918            0
      1.218      1.305          8     8.47434     2208.19     0.805303     0.454922    -0.311509    0.0920359   -0.0103602            0
      1.305      1.392          8     7.89295     2084.33      1.06103   0.00478779   -0.0139072   0.00210482  2.15505e-05            0
      1.392      1.479          8     7.94476     1542.73      1.10214   -0.0684173   0.00355134    0.0120166  -0.00314797            0
      1.479      1.566          8     8.05553     1719.99      1.43243    -0.894882     0.683525     -0.21787    0.0244415            0
      1.566      1.653          8     8.25632     1065.83     0.996566    0.0380498   -0.0110682  0.000671021 -0.000348984            0
      1.653       1.74          8       8.066     1039.67       1.1062   -0.0667607   0.00150032    0.0129283  -0.00311525            0
       1.74       1.83          8     8.68147     1031.57     0.862665     0.184328   -0.0273933   -0.0169856   0.00377289            0
       1.83       1.93          8     8.21833     1029.94     0.930321     0.130614   -0.0241444   -0.0112652   0.00269204            0
       1.93      2.043          8     8.55812     1033.03     0.916888     0.127414   -0.0195237   -0.0110404   0.00235636            0
      2.043      2.172          8     8.30153     768.313      1.26969    -0.678941     0.621667    -0.228077    0.0289729            0
      2.172      2.322          8     8.29054     787.978      1.83401     -1.93305      1.62141    -0.569451    0.0711919            0
      2.322        2.5          8     7.92069     562.628      1.28879    -0.292954    0.0394073    0.0477138   -0.0134335            0
        2.5       2.65          8     7.41887     547.309      2.33566     -2.69289      2.05505     -0.68037    0.0819177            0
       2.65      2.853          8     7.58694      391.26      1.39297    -0.408821    0.0639584    0.0759412   -0.0232382            0
      2.853      2.964          8     7.00746     292.171      3.03504      -4.7072       4.2348     -1.63203     0.227182            0
      2.964      3.139          8     7.16892     337.618       1.2666   -0.0486036   -0.0273298   0.00379015    -0.002496            0
      3.139      3.314          8     7.14912     292.103      1.08888     0.192186    -0.100039   -0.0486878    0.0199403            0
      3.314      3.489          8      7.3849     215.862      1.18769    -0.112382   0.00316338    0.0274542   -0.0120191            0
      3.489      3.664          8     7.88921     226.166     0.795793     0.429417    -0.132887     -0.10184    0.0404863            0
      3.664      3.839          8     8.32039     170.813      1.00242    0.0121101   -0.0203683   0.00277598  -0.00237903            0
      3.839      4.013          8     8.37432     130.087      1.02753    -0.092471   0.00665362    0.0367308    -0.015334            0
      4.013      4.191          8     8.31345     101.707     0.987161    -0.089897    0.0201636    0.0494321   -0.0224195            0
      4.191      4.363          8     8.01793     134.857      1.07049    -0.158138    0.0137709    0.0555222   -0.0180719            0
      4.363      4.538          8      7.5238     74.1578      1.12189    -0.171062    0.0177886    0.0815383   -0.0330505            0
      4.538      4.716          8     6.62012     49.6767      1.17267   -0.0352701    0.0104266    0.0596186   -0.0384042            0
      4.716      4.889          8      5.8013     49.1006      1.19305    0.0704157    0.0787607    0.0810159   -0.0561664            0
      4.889      5.191          8     4.72115     36.3129      1.87829    -0.444784   -0.0851752     0.184113   -0.0648011            0
