     -5.191     -4.889          8     4.16692     14.7619     0.685289     0.141728   -0.0978161    -0.104404  -0.00510015            0
     -4.889     -4.716          8     4.52409     19.2141     0.750377   -0.0497095    -0.200055   -0.0470263     0.153986            0
     -4.716     -4.538          8      5.0936     40.3548      0.80966    -0.564526      0.10924     0.274032    -0.112219            0
     -4.538     -4.363          8     5.69162     53.3155     0.805146    -0.541754    0.0745189     0.205642   -0.0666872            0
     -4.363     -4.191          8     6.30656     73.3217     0.773328     -0.52648    0.0714221     0.181522   -0.0497074            0
     -4.191     -4.013          8     6.38802     72.8791     0.747212     -0.53765    0.0950124     0.188234   -0.0579646            0
     -4.013     -3.839          8     6.64044     93.5051     0.711159    -0.511165     0.113429      0.16926   -0.0567302            0
     -3.839     -3.664          8     6.85178     123.624     0.697453    -0.484608     0.114841     0.147868   -0.0478761            0
     -3.664     -3.489          8     6.74842     125.577     0.712333    -0.485587     0.117417      0.15094   -0.0484326            0
     -3.489     -3.314          8     6.50322     162.601     0.624463    -0.298307    0.0882166    0.0966404   -0.0292405            0
     -3.314     -3.139          8     6.04351     201.167     0.575427    -0.127311    0.0481326    0.0493438   -0.0126613            0
     -3.139     -2.964          8     5.21865     175.554     0.743995     -0.24209     0.096201    0.0821674   -0.0278838            0
     -2.964     -2.853          8     4.53393     179.794     0.858896    -0.317007    0.0962994    0.0966183   -0.0293037            0
     -2.853      -2.65          8     4.26363      268.94      1.02537    -0.495582     0.112222     0.105153   -0.0308423            0
      -2.65       -2.5          8     4.08785     360.497     0.842919     0.310336    -0.759474      0.46979   -0.0842152            0
       -2.5     -2.322          8     3.88587     367.025     0.666812     0.830905     -1.15859     0.587936   -0.0961394            0
     -2.322     -2.172          8      3.7375     369.484     0.774675     0.783057     -1.13094     0.569731   -0.0926342            0
     -2.172     -2.043          8     3.61121     505.588     0.765606      1.06961     -1.36985     0.626094   -0.0945879            0
     -2.043      -1.93          8     3.48039     518.061     0.970183     0.863285     -1.27325     0.604377   -0.0929355            0
      -1.93      -1.83          8      3.4056     649.154     0.569898      1.84536     -1.92828     0.763548    -0.103733            0
      -1.83      -1.74          8      3.3726     675.148      0.52224      1.95863     -1.87276      0.68459   -0.0871906            0
      -1.74     -1.653          8     3.18151     687.678     0.636696      1.75722     -1.70017     0.619338   -0.0785356            0
     -1.653     -1.566          8     3.22006     899.853     0.128594      2.99793      -2.7086     0.948165    -0.115193            0
     -1.566     -1.479          8     3.38141     904.453     0.601255       1.8974     -1.81836     0.656323   -0.0822345            0
     -1.479     -1.392          8     3.30647     887.523     0.752119      1.40189      -1.3544     0.493798   -0.0626636            0
     -1.392     -1.305          8     3.30451     897.759     0.888384      1.14082     -1.19151     0.453086   -0.0592832            0
     -1.305     -1.218          8     3.40143     1331.19     0.862636      0.87975    -0.824573     0.291277    -0.035912            0
     -1.218     -1.131          8     3.44022     1331.49     0.852364     0.916942    -0.901809     0.331923   -0.0420819            0
     -1.131     -1.044          8     3.46299     1376.22     0.686297      1.29426     -1.22542      0.44348   -0.0553353            0
     -1.044     -0.957          8     3.51754     1452.34     0.769858     0.831928    -0.762114     0.272718   -0.0339774            0
     -0.957     -0.879          8     3.62981     1917.24     0.693242     0.995419    -0.895336      0.31406   -0.0380923            0
     -0.879     -0.783          8     3.76523     1856.83     0.616172      1.05281    -0.903097      0.31065   -0.0372925            0
     -0.783     -0.696          8     3.81651     1953.15     0.578948      1.02907    -0.861712     0.294854   -0.0353034            0
     -0.696     -0.609          8     3.91027     2358.11     0.552604     0.944289    -0.718451     0.229905   -0.0262054            0
     -0.609     -0.522          8     3.86473     2397.95        0.644     0.804148    -0.654313     0.220146   -0.0260177            0
     -0.522     -0.435          8      3.8762     2572.75     0.828415     0.383576    -0.352711     0.131969   -0.0168318            0
     -0.435     -0.348          8     3.89668      2790.6     0.597092     0.836641    -0.654811     0.214758    -0.024824            0
     -0.348     -0.261          8     4.04024     2760.15     0.550862     0.926688    -0.715227     0.231723   -0.0265302            0
     -0.261     -0.174          8       3.983     2768.38     0.555869     0.893576     -0.67852     0.217633   -0.0247657            0
     -0.174     -0.087          8     3.96858     2756.92     0.734406     0.470427    -0.358976     0.120231   -0.0143783            0
     -0.087          0          8     3.98699      2772.3     0.688815      0.55584    -0.420154     0.138768   -0.0163556            0
          0      0.087          8     3.87266     2779.03     0.651306     0.625396    -0.469702      0.15371   -0.0179383            0
      0.087      0.174          8     3.94652      2779.9      0.77932     0.372876    -0.296428     0.104071   -0.0128982            0
      0.174      0.261          8     3.92877     2778.28     0.489211      1.04586    -0.808844     0.262495   -0.0300142            0
      0.261      0.348          8       3.968     2792.82     0.554967     0.877566     -0.66174      0.21179   -0.0240816            0
      0.348      0.435          8     3.91146     2754.27      0.57765     0.868148    -0.665607     0.214374   -0.0244605            0
      0.435      0.522          8     3.92011     2373.85     0.536032      0.97056    -0.745592     0.240825   -0.0276204            0
      0.522      0.609          8     3.81639     2364.15     0.586374     0.957277    -0.767129     0.252835   -0.0293414            0
      0.609      0.696          8     3.78474     2376.82     0.644748     0.805696    -0.645624     0.214223   -0.0250772            0
      0.696      0.783          8     3.78615     1956.85     0.748138     0.659381    -0.578822     0.205322   -0.0253584            0
      0.783      0.879          8     3.68129     1924.03     0.749804     0.721564    -0.638561     0.225439   -0.0276795            0
      0.879      0.957          8     3.68633     1917.33      1.38873    -0.589705     0.330876   -0.0753032   0.00538878            0
      0.957      1.044          8     3.59966     1417.71     0.632629      1.08764    -0.927707     0.317296   -0.0382117            0
      1.044      1.131          8     3.50524      1409.1     0.821029     0.893359    -0.880736     0.326586   -0.0415473            0
      1.131      1.218          8     3.41483     1191.11     0.712897      1.26519     -1.18858     0.428613   -0.0536383            0
      1.218      1.305          8     3.29167     917.729      1.05568     0.596989    -0.710122     0.286956   -0.0392947            0
      1.305      1.392          8      3.3395     922.963     0.639825       1.5417     -1.39131     0.484197   -0.0591516            0
      1.392      1.479          8     3.25488     898.508     0.368301      2.11528     -1.79421     0.598323   -0.0699916            0
      1.479      1.566          8     3.36851     907.192     0.761347      1.48703     -1.47223     0.538457   -0.0682212            0
      1.566      1.653          8     3.18912     971.329     0.722344      1.69397     -1.69198     0.618596   -0.0779263            0
      1.653       1.74          8     3.19942     699.238      0.68448      1.74483     -1.74353     0.648721   -0.0836597            0
       1.74       1.83          8     3.20857     666.285     0.729323       1.5471     -1.60548     0.617039   -0.0817945            0
       1.83       1.93          8     3.31796     674.559     0.444572      2.20972     -2.23164     0.861544     -0.11454            0
       1.93      2.043          8     3.43871     508.944     0.822973      1.12899     -1.40483     0.621221   -0.0918348            0
      2.043      2.172          8     3.56977     500.746     0.812698     0.937373     -1.22344     0.562142   -0.0852423            0
      2.172      2.322          8     3.61255     363.463     0.634481      1.26501     -1.62935     0.774119    -0.121731            0
      2.322        2.5          8     3.85946     370.865      0.85644     0.448867    -0.860369     0.487473   -0.0839959            0
        2.5       2.65          8     4.11365     350.937     0.558644      1.03049     -1.37476     0.689612     -0.11238            0
       2.65      2.853          8     4.32121     349.838     0.982077    -0.427232      0.10624    0.0854938   -0.0252512            0
      2.853      2.964          8     4.59344     237.326       1.0492    -0.605591     0.181499     0.144947   -0.0504636            0
      2.964      3.139          8     5.15243     180.097     0.697186    -0.163722    0.0688659    0.0632207   -0.0186967            0
      3.139      3.314          8     6.05119     195.392     0.522812   -0.0327308    0.0171866    0.0283874  -0.00245953            0
      3.314      3.489          8     6.51803     150.947     0.572157    -0.203016    0.0601777    0.0723891   -0.0187834            0
      3.489      3.664          8     6.79521     122.128     0.639726    -0.361395    0.0832932     0.117731    -0.033186            0
      3.664      3.839          8     6.92272     112.774     0.708356    -0.513075     0.120006     0.156861   -0.0497857            0
      3.839      4.013          8     6.64847     76.2594     0.731807    -0.522986    0.0922773     0.185393   -0.0578741            0
      4.013      4.191          8     6.37004     75.9492     0.762519     -0.52805    0.0694803     0.174877   -0.0457155            0
      4.191      4.363          8     6.32603     66.6754     0.759381    -0.527621    0.0901053     0.184728   -0.0591421            0
      4.363      4.538          8     5.74185     60.1494     0.769879    -0.518751    0.0900138     0.202334   -0.0735776            0
      4.538      4.716          8     5.25973     43.2665     0.840114    -0.527376    0.0760308     0.238581   -0.0962835            0
      4.716      4.889          8      4.8236      28.607     0.754183    -0.484546     0.247667     0.389571    -0.270125            0
      4.889      5.191          8     4.35552     11.7368     0.479152     0.310201     0.119962   -0.0471159    -0.179001            0
