     -5.191     -4.889          8     4.83762     27.0998     0.405714     0.377893     0.174341   -0.0317665    -0.162538            0
     -4.889     -4.716          8     5.62528     22.9787     0.512748     0.130454  -0.00473003  -0.00142473    0.0448504            0
     -4.716     -4.538          8     6.65536     39.7399     0.627204    -0.216902    0.0655903     0.148902   -0.0615082            0
     -4.538     -4.363          8     7.46828     47.6326     0.444667    0.0630927    -0.019289  -0.00489651    0.0179063            0
     -4.363     -4.191          8     7.97351     78.0767     0.599377    -0.272967    0.0579928     0.118068   -0.0334094            0
     -4.191     -4.013          8     8.42467     86.8479      0.55907    -0.262871    0.0791816     0.111687   -0.0358451            0
     -4.013     -3.839          8     8.53058     97.1276     0.541265    -0.256698     0.082917     0.111069   -0.0361306            0
     -3.839     -3.664          8     8.62672     125.536     0.494518     -0.19164    0.0845778    0.0882766   -0.0307095            0
     -3.664     -3.489          8     8.41045     122.052     0.510454    -0.204345     0.098137    0.0961124   -0.0363096            0
     -3.489     -3.314          8     7.96869     142.931     0.388605     0.039443     0.053698    0.0282039   -0.0111747            0
     -3.314     -3.139          8     7.41748      213.19     0.390005      0.12744    0.0286347   0.00227079  -0.00222452            0
     -3.139     -2.964          8     6.49227     176.722     0.452263      0.16459    0.0394439   0.00164601   -0.0054812            0
     -2.964     -2.853          8     5.77122     175.407     0.672899   -0.0569452    0.0699441    0.0529498   -0.0182929            0
     -2.853      -2.65          8     5.58928     274.844     0.753163    -0.127889    0.0515157    0.0430596   -0.0114281            0
      -2.65       -2.5          8     5.46533     361.251     0.775299    -0.103882    0.0440208    0.0359575   -0.0105939            0
       -2.5     -2.322          8     5.26125     367.064     0.800728    -0.078245    0.0341639    0.0297387  -0.00858294            0
     -2.322     -2.172          8     5.03532     371.357     0.428556      1.12535     -1.12803     0.488528   -0.0733014            0
     -2.172     -2.043          8     4.82843     515.179     0.506962      1.02198    -0.962855     0.387974   -0.0547386            0
     -2.043      -1.93          8     4.57808     522.633     0.478229      1.31381     -1.24337     0.485899   -0.0666084            0
      -1.93      -1.83          8     4.37265     711.015      0.45424      1.43804     -1.25784      0.45113   -0.0573167            0
      -1.83      -1.74          8     4.24341     651.194     0.464042      1.59524     -1.41895     0.507215   -0.0641472            0
      -1.74     -1.653          8     4.21941     922.862     0.490551        1.591     -1.39234     0.482698   -0.0589583            0
     -1.653     -1.566          8     4.18686     915.406     0.473996      1.69423      -1.4854     0.510355   -0.0617385            0
     -1.566     -1.479          8     4.18884     885.975     0.484339      1.66522     -1.43359     0.486826   -0.0584554            0
     -1.479     -1.392          8     4.04034     894.572     0.557426      1.55086     -1.34445      0.45982   -0.0556075            0
     -1.392     -1.305          8     4.00114     909.809     0.703689      1.26951      -1.1443     0.399306   -0.0490844            0
     -1.305     -1.218          8     4.07428     942.175     0.667002      1.26231     -1.11146     0.385954   -0.0473486            0
     -1.218     -1.131          8      4.1311     1338.56     0.723378      1.06454    -0.930167     0.318041   -0.0382053            0
     -1.131     -1.044          8     4.22483     1376.51     0.568373      1.31577     -1.10784     0.372253   -0.0440726            0
     -1.044     -0.957          8     4.36134      1449.3     0.586648      1.13086    -0.925265     0.307017   -0.0361029            0
     -0.957     -0.879          8     4.45895     1919.65     0.713921      0.76353    -0.623386     0.206064   -0.0240886            0
     -0.879     -0.783          8     4.52273     1824.38     0.638083     0.856996    -0.685327     0.226891   -0.0266349            0
     -0.783     -0.696          8     4.65597     1971.13     0.580761     0.869048    -0.653188     0.208176   -0.0237978            0
     -0.696     -0.609          8      4.7529     2360.84     0.583553     0.813235      -0.5947     0.186135   -0.0209392            0
     -0.609     -0.522          8     4.84353        2390     0.464794      1.02236    -0.733466     0.225689   -0.0249742            0
     -0.522     -0.435          8     4.86764     2576.92     0.530918     0.840733    -0.589956     0.180476   -0.0199518            0
     -0.435     -0.348          8     4.98733     2799.15     0.486937     0.857265    -0.566702     0.165333   -0.0176357            0
     -0.348     -0.261          8     5.06741        2764     0.422121     0.953307     -0.61958     0.178004   -0.0187323            0
     -0.261     -0.174          8      5.1302     2774.31     0.398178     0.973939    -0.625709     0.178525    -0.018693            0
     -0.174     -0.087          8     5.17734     2762.07      0.42156     0.894382     -0.55751     0.156372   -0.0162303            0
     -0.087          0          8     5.19363     2777.74     0.482123     0.754005    -0.455665     0.126457   -0.0131345            0
          0      0.087          8     5.18454     2784.68     0.398494     0.931448    -0.586487     0.166055   -0.0173418            0
      0.087      0.174          8     5.17083     2787.46     0.454988     0.802716    -0.486813     0.134577   -0.0138835            0
      0.174      0.261          8     5.14702     2782.45     0.453892     0.859594    -0.551702     0.158914   -0.0168452            0
      0.261      0.348          8     5.11113     2798.39     0.441011     0.928746    -0.617723     0.181754   -0.0194953            0
      0.348      0.435          8      5.0137     2757.69     0.478729     0.858407    -0.563863     0.164009   -0.0174706            0
      0.435      0.522          8     4.93519      2379.3     0.393503      1.09248    -0.753092     0.225387   -0.0244395            0
      0.522      0.609          8     4.83588     2375.32       0.5111     0.896952    -0.625442     0.189101   -0.0207364            0
      0.609      0.696          8     4.75951     2353.05     0.509959     0.944456    -0.674621     0.206625   -0.0228203            0
      0.696      0.783          8     4.66352     1945.03     0.545938     0.972253    -0.743203     0.238953   -0.0274192            0
      0.783      0.879          8     4.54393     1902.49     0.684859      0.73432    -0.578557     0.189915   -0.0222145            0
      0.879      0.957          8     4.45946     1917.32     0.720804     0.703554     -0.54743     0.174685   -0.0199762            0
      0.957      1.044          8     4.34946     1435.51     0.593463      1.13967    -0.945654      0.31694   -0.0375419            0
      1.044      1.131          8     4.23518     1416.22     0.657946        1.099    -0.933342     0.314621   -0.0373721            0
      1.131      1.218          8      4.1571     1192.88     0.676061      1.13246    -0.967407     0.327455   -0.0392029            0
      1.218      1.305          8     4.02666     923.099      0.75285      1.08803    -0.983153     0.345376   -0.0427963            0
      1.305      1.392          8     3.96793     923.583     0.738138      1.17578     -1.06179     0.369548   -0.0453413            0
      1.392      1.479          8      4.0436     891.725      0.67013       1.2608     -1.08733     0.367399   -0.0441126            0
      1.479      1.566          8     4.15744     931.466     0.385906      1.97417     -1.70667      0.58141   -0.0697618            0
      1.566      1.653          8      4.0998     916.812     0.490042      1.74384     -1.55704     0.541103   -0.0659898            0
      1.653       1.74          8     4.11768     711.148      0.55582      1.56407     -1.42619     0.509352   -0.0640475            0
       1.74       1.83          8     4.15614     707.913      0.58539      1.42153     -1.31963      0.48135   -0.0616492            0
       1.83       1.93          8     4.30336     674.298     0.523661      1.46035     -1.37253     0.514983    -0.067615            0
       1.93      2.043          8     4.49072     518.181     0.444638      1.45399     -1.37473     0.533311   -0.0725923            0
      2.043      2.172          8     4.70508     507.435     0.471909      1.17704     -1.12101     0.449583   -0.0630542            0
      2.172      2.322          8     4.94928     368.541     0.481738      1.02042     -1.02771      0.44578   -0.0670006            0
      2.322        2.5          8     5.20349     377.449     0.785456   -0.0303547    0.0175099    0.0209208  -0.00491879            0
        2.5       2.65          8     5.40797     327.173     0.787358    -0.108955    0.0423992    0.0362901   -0.0103928            0
       2.65      2.853          8     5.59014     348.938     0.731083   -0.0984511    0.0499263    0.0343087  -0.00886175            0
      2.853      2.964          8     5.75709     238.294     0.678993   -0.0769034    0.0845972    0.0542777   -0.0200934            0
      2.964      3.139          8     6.51852     177.945     0.443372     0.165418    0.0412375   0.00252022  -0.00525853            0
      3.139      3.314          8     7.41401     183.787      0.40268     0.119616    0.0246437    0.0024225  -0.00080878            0
      3.314      3.489          8     8.01661     150.605     0.411722  -0.00548405    0.0653653    0.0405346   -0.0159946            0
      3.489      3.664          8     8.41049     125.418     0.510885    -0.204213     0.097315    0.0959012   -0.0357782            0
      3.664      3.839          8     8.57421     98.5077     0.534708    -0.245564    0.0847384     0.109022   -0.0368024            0
      3.839      4.013          8     8.57757     96.8795     0.538085    -0.254711    0.0843353     0.111012   -0.0366023            0
      4.013      4.191          8      8.3525     116.576     0.555757    -0.257658    0.0760591     0.106944   -0.0320923            0
      4.191      4.363          8     8.04477     89.0673     0.581099    -0.254613    0.0636556     0.111884   -0.0339307            0
      4.363      4.538          8     7.46463     64.3068     0.620169    -0.255409    0.0496621     0.123369   -0.0377637            0
      4.538      4.716          8     6.66012     39.9545     0.644112    -0.233583    0.0573386     0.151763   -0.0573744            0
      4.716      4.889          8     5.70647     22.3842     0.486943     0.145786    0.0121356  6.50424e-05    0.0306955            0
      4.889      5.191          8     4.82585     22.5509     0.601025     0.212648    0.0204385   -0.0342587   -0.0294872            0
