     -5.191     -4.889          8     4.77753     14.8282     0.609643     0.118212    -0.082334   -0.0559244    0.0807275            0
     -4.889     -4.716          8     5.05851     17.9949     0.754906   -0.0216737    -0.195496   -0.0597112     0.149331            0
     -4.716     -4.538          8     5.79081     40.2597      1.10191     -1.06059     0.191096     0.498857    -0.203677            0
     -4.538     -4.363          8     6.39736     55.4359       1.0476    -0.938945      0.13797     0.352969    -0.123899            0
     -4.363     -4.191          8      7.0614     73.3217      1.01317    -0.932121     0.134524     0.321352   -0.0972276            0
     -4.191     -4.013          8      7.3415     69.5852     0.988558    -0.927726     0.157709     0.321472    -0.108248            0
     -4.013     -3.839          8     7.72133     96.4339     0.923545    -0.850181       0.1671     0.274188   -0.0917623            0
     -3.839     -3.664          8     7.63013     123.624     0.853657    -0.776269     0.194919     0.236809   -0.0867312            0
     -3.664     -3.489          8     7.44139     123.526     0.910178    -0.793969     0.168552     0.234233   -0.0748697            0
     -3.489     -3.314          8     7.23828     160.581     0.798312    -0.592013     0.149808     0.172751   -0.0550623            0
     -3.314     -3.139          8      6.6392     200.841      0.69746    -0.363644     0.107542     0.104669   -0.0322147            0
     -3.139     -2.964          8      5.7401     174.529      0.78077    -0.343352     0.123859     0.108781   -0.0367625            0
     -2.964     -2.853          8     4.71417     175.353      1.07993    -0.720154     0.225807     0.193804    -0.071613            0
     -2.853      -2.65          8     4.60153      277.05      1.01577    -0.542014     0.140793     0.119622   -0.0375209            0
      -2.65       -2.5          8     4.37365     358.309      1.12078    -0.621555     0.160318     0.115771   -0.0369552            0
       -2.5     -2.322          8     4.22161     364.956      1.57873     -1.72132      1.21851    -0.321772    0.0275491            0
     -2.322     -2.172          8     4.00176      366.82      1.26799    -0.606025     0.132362     0.103224   -0.0317086            0
     -2.172     -2.043          8     3.77596     505.361      1.26842    -0.466221    0.0922909    0.0692678   -0.0203302            0
     -2.043      -1.93          8     3.62686     518.501      1.07062     0.373145    -0.696101     0.352117   -0.0554551            0
      -1.93      -1.83          8     3.49955     666.235     0.902161     0.919617     -1.07487      0.44221   -0.0610762            0
      -1.83      -1.74          8     3.38414     684.747      1.19511     0.619417    -0.938238     0.410835   -0.0585871            0
      -1.74     -1.653          8     3.29904     691.928     0.937722     0.980975     -1.03121     0.381701   -0.0484207            0
     -1.653     -1.566          8      3.3086     899.288     0.517634      2.05992     -1.90132     0.658708   -0.0788248            0
     -1.566     -1.479          8     3.45541     901.341     0.642203      1.83009     -1.75903     0.630254   -0.0779377            0
     -1.479     -1.392          8     3.29764     887.759      0.87055      1.00835    -0.937503      0.32048   -0.0379857            0
     -1.392     -1.305          8     3.35959     899.722      1.40316  -0.00935589    -0.271264       0.1423   -0.0216563            0
     -1.305     -1.218          8     3.52366     932.115      1.45596    -0.321217    0.0347999    0.0333177  -0.00837174            0
     -1.218     -1.131          8     3.55349      1333.8      1.22361    0.0713433    -0.227467     0.106642   -0.0152409            0
     -1.131     -1.044          8     3.61729     1371.69      1.02596     0.347978    -0.392247     0.149847   -0.0192624            0
     -1.044     -0.957          8     3.71749     1451.38      1.04341      0.16661    -0.213023    0.0858567   -0.0114544            0
     -0.957     -0.879          8     3.79946     1914.18     0.942377     0.331965    -0.333379     0.122487   -0.0152669            0
     -0.879     -0.783          8     3.80007     1884.49     0.993505     0.155504      -0.1914    0.0790001   -0.0106233            0
     -0.783     -0.696          8     3.95902     1966.75     0.954599     0.156805    -0.173399    0.0706849  -0.00950281            0
     -0.696     -0.609          8     4.02711     2355.49     0.954738     0.023395  -0.00465752   0.00121702 -0.000229987            0
     -0.609     -0.522          8     3.95039     2396.23      1.01149   -0.0397059   0.00634287   0.00635446  -0.00152133            0
     -0.522     -0.435          8     3.98407     2570.33     0.869602     0.244653    -0.205307    0.0731497  -0.00902927            0
     -0.435     -0.348          8     3.99928     2791.38      1.00992   -0.0499873   0.00977991   0.00686338  -0.00170223            0
     -0.348     -0.261          8     4.18518     2757.75     0.829415     0.345418    -0.290477     0.101501   -0.0122658            0
     -0.261     -0.174          8     4.16565     2770.01     0.850703     0.261722    -0.209821    0.0726951  -0.00882129            0
     -0.174     -0.087          8     4.15069     2756.98     0.973738    -0.045283     0.016088   0.00703525  -0.00219821            0
     -0.087          0          8     4.15817     2772.63     0.995586   -0.0633367    0.0185932   0.00828504  -0.00249045            0
          0      0.087          8      4.0577     2779.75     0.956312    -0.019485   0.00873308   0.00495624  -0.00145061            0
      0.087      0.174          8     4.13724      2782.2     0.969871   -0.0493434     0.018169   0.00746504  -0.00237238            0
      0.174      0.261          8     4.15434     2777.59     0.917618    0.0282263  -0.00135941   0.00134275 -0.000409719            0
      0.261      0.348          8     4.16723     2789.79     0.710742     0.471779    -0.322745    0.0981231   -0.0107981            0
      0.348      0.435          8     4.05384     2752.96     0.825846     0.327091    -0.260092    0.0879807   -0.0104367            0
      0.435      0.522          8     4.08739     2380.35     0.704642      0.59403    -0.448209     0.142626   -0.0161082            0
      0.522      0.609          8     3.98175     2368.25      0.81342     0.443957    -0.368886     0.124751   -0.0147148            0
      0.609      0.696          8     3.94714     2447.73     0.959755     0.140344    -0.154717    0.0622697  -0.00824204            0
      0.696      0.783          8     3.89858     1955.46     0.985643     0.125398    -0.158432    0.0668792  -0.00913052            0
      0.783      0.879          8     3.80828     1913.06     0.986591     0.155417    -0.180765     0.073001  -0.00971701            0
      0.879      0.957          8     3.79307     1913.62      1.42081    -0.752435     0.502984    -0.142383    0.0142535            0
      0.957      1.044          8     3.72226     1426.46     0.889861     0.506219    -0.465254     0.162727   -0.0197377            0
      1.044      1.131          8     3.56061     1410.77      1.13943     0.130333    -0.250216     0.111067   -0.0154785            0
      1.131      1.218          8     3.49775      1188.4      1.11294      0.32308    -0.430696     0.175534   -0.0235409            0
      1.218      1.305          8     3.39825     917.165      1.40977    -0.265555    0.0240932    0.0268583   -0.0065593            0
      1.305      1.392          8     3.43645     914.419      1.07446     0.630302    -0.700986     0.261413   -0.0332563            0
      1.392      1.479          8     3.35921     897.747      1.44073    -0.221101 -0.000244513     0.019532  -0.00354379            0
      1.479      1.566          8     3.46659     916.575     0.789453      1.40723     -1.36365     0.483588   -0.0592292            0
      1.566      1.653          8     3.23016     970.124     0.760733      1.53519     -1.50011     0.532225   -0.0648509            0
      1.653       1.74          8     3.31529     698.621     0.928198      1.07739     -1.12458     0.414088   -0.0523426            0
       1.74       1.83          8     3.29542     657.458      1.16388     0.659035    -0.955975      0.41524   -0.0590769            0
       1.83       1.93          8     3.35253     672.232      1.18549      0.44604    -0.786303     0.369089   -0.0548931            0
       1.93      2.043          8     3.55316     509.415      1.46151    -0.519899    0.0696461    0.0692705   -0.0177835            0
      2.043      2.172          8     3.76502     502.839       1.2152    -0.344811    0.0531123    0.0510742   -0.0132138            0
      2.172      2.322          8     3.85364     524.651      1.56621      -1.3737     0.884872    -0.212992    0.0158471            0
      2.322        2.5          8     4.19922     370.906      1.10125    -0.481403     0.116857    0.0889446   -0.0273503            0
        2.5       2.65          8       4.429     356.255      1.46121      -1.5217      1.04089    -0.249555     0.017133            0
       2.65      2.853          8     4.55909     346.078      1.10949    -0.674177     0.183113     0.130251   -0.0425573            0
      2.853      2.964          8     4.84791     234.631      0.96849    -0.520856      0.17776     0.136072   -0.0481076            0
      2.964      3.139          8     5.75248     179.823     0.738957    -0.298058     0.119168     0.100145   -0.0341749            0
      3.139      3.314          8     6.67968     192.893     0.773647    -0.465684     0.117936     0.126629   -0.0372405            0
      3.314      3.489          8      7.1535     149.684     0.834962    -0.637936      0.15051     0.183216   -0.0572349            0
      3.489      3.664          8     7.51101     122.977     0.906105    -0.797908     0.172499     0.238622    -0.076924            0
      3.664      3.839          8     7.70027     102.821     0.940062    -0.847858      0.14878     0.265123   -0.0810561            0
      3.839      4.013          8     7.56106     79.2943     0.956793    -0.908874     0.165653     0.318193    -0.108524            0
      4.013      4.191          8     7.36016     76.7544     0.991558    -0.905295      0.12989     0.302955   -0.0914054            0
      4.191      4.363          8     7.13807     63.2609       1.0138    -0.925943     0.122024     0.341869    -0.108989            0
      4.363      4.538          8     6.36444     59.6149      1.02306    -0.917088     0.144429     0.351082    -0.126829            0
      4.538      4.716          8     5.65097     41.4999      1.10944     -1.01561     0.154391     0.461845    -0.183024            0
      4.716      4.889          8     5.36446     30.3914      1.09149     -1.12372     0.359107     0.733505    -0.421417            0
      4.889      5.191          8     4.72145     11.7368     0.592139     0.155134   -0.0569969   -0.0618724    0.0658143            0
