     -5.191     -4.889          8     4.59651     10.6406    -0.395416      2.27399      2.63695     0.636881     -3.06392            0
     -4.889     -4.716          8     5.32925      20.185     -1.64902      5.65389     0.087549     -2.87827     0.540419            0
     -4.716     -4.538          8     7.06079     43.6974       1.0478      0.20254   -0.0513021   -0.0508036   0.00239833            0
     -4.538     -4.363          8     8.02229     58.8685      1.33562    -0.380941   -0.0204049     0.137949   -0.0426175            0
     -4.363     -4.191          8     8.76345     77.8035      1.36878    -0.515848    0.0110773     0.170064   -0.0469723            0
     -4.191     -4.013          8     8.78168     76.4149      1.20814    -0.357077     0.016837     0.128175   -0.0404127            0
     -4.013     -3.839          8     9.02579     97.6104      1.02013   -0.0991983    0.0105885     0.047119   -0.0232404            0
     -3.839     -3.664          8      8.9153     128.949      1.07651    -0.139675   0.00637309    0.0468665   -0.0182375            0
     -3.664     -3.489          8     8.33428     125.453      1.35681    -0.363302  -0.00318295    0.0884319   -0.0240449            0
     -3.489     -3.314          8     7.86875     152.306      1.37712    -0.316298   0.00515817    0.0784537   -0.0253125            0
     -3.314     -3.139          8      7.4756     185.574      1.48359    -0.286634   -0.0428795    0.0495498  -0.00905892            0
     -3.139     -2.964          8      7.2857     225.668       1.3598   -0.0533116    -0.072763  -0.00495837   0.00746442            0
     -2.964     -2.853          8      7.4386     196.526      1.38606    -0.184785   -0.0197128    0.0379874  -0.00543014            0
     -2.853      -2.65          8     7.70936       285.3      1.64701    -0.692786     0.101168     0.138666   -0.0435942            0
      -2.65       -2.5          8     8.01711     391.746      1.54307    -0.596071    0.0867055     0.106723   -0.0315905            0
       -2.5     -2.322          8     8.28737     397.028      1.32093    -0.367441    0.0589285    0.0706508   -0.0218461            0
     -2.322     -2.172          8     8.61714     409.153      1.17767     -0.24017    0.0511583    0.0517964   -0.0174179            0
     -2.172     -2.043          8     8.70384     559.301      1.11175    -0.131863    0.0254736    0.0290326  -0.00922771            0
     -2.043      -1.93          8     8.59801     575.385      1.06375   -0.0520182   0.00994018    0.0166125  -0.00564732            0
      -1.93      -1.83          8     8.52848     749.779      1.11543   -0.0844526    0.0111123    0.0168252  -0.00498786            0
      -1.83      -1.74          8     8.33728     775.673      1.17379    -0.149674    0.0200707    0.0264114  -0.00763265            0
      -1.74     -1.653          8     8.35456     776.337       1.1505    -0.113694   0.00503769    0.0210941  -0.00504732            0
     -1.653     -1.566          8     8.40601     997.603       1.1831    -0.136805   0.00702397    0.0202639  -0.00472352            0
     -1.566     -1.479          8     8.32827     1009.66      1.26254    -0.236028    0.0235178    0.0332434  -0.00834913            0
     -1.479     -1.392          8     8.35719     1019.55      1.23495    -0.196437    0.0139535    0.0280472  -0.00654864            0
     -1.392     -1.305          8     8.23613     1045.37      1.25799    -0.186065   0.00634933    0.0250893  -0.00532094            0
     -1.305     -1.218          8     8.22235     1547.84      1.21479    -0.173599    0.0186245    0.0237649  -0.00616123            0
     -1.218     -1.131          8     8.42575     1486.72      1.13374   -0.0962375   0.00931419    0.0154355  -0.00417753            0
     -1.131     -1.044          8     8.49263     1577.02       1.1326    -0.109132   0.00980355    0.0166195  -0.00413078            0
     -1.044     -0.957          8     8.64179     1644.69       1.1384    -0.128744    0.0140266    0.0182994   -0.0045534            0
     -0.957     -0.879          8     8.77788     2142.98      1.03674   -0.0281526  -0.00236349   0.00691449  -0.00149485            0
     -0.879     -0.783          8     8.92659      2112.9      1.00662   -0.0131428  -0.00209153   0.00539646  -0.00119659            0
     -0.783     -0.696          8     8.91661     2211.89      1.00062  -0.00771972  -0.00366948   0.00512152  -0.00110915            0
     -0.696     -0.609          8     9.05492     2630.71     0.971907   0.00983316  -0.00252694   0.00278072 -0.000724663            0
     -0.609     -0.522          8     8.93848      2649.5     0.981765   0.00325722  -0.00144683   0.00288151 -0.000713213            0
     -0.522     -0.435          8     8.95628     2869.66     0.978028  -0.00117253   0.00139371   0.00305314 -0.000863911            0
     -0.435     -0.348          8     9.04354     3070.32     0.952585    0.0320292  -0.00648091  0.000317843  -3.7808e-05            0
     -0.348     -0.261          8     9.04337     3039.85     0.993033    -0.026349   0.00704092   0.00623912  -0.00186123            0
     -0.261     -0.174          8     9.11155     3037.82      0.91934    0.0598986  -0.00922909  -0.00188951  0.000422634            0
     -0.174     -0.087          8     9.20515     3022.85     0.954718    0.0219114  -0.00251455   0.00130957 -0.000431672            0
     -0.087          0          8      9.1234     3043.39     0.973826  -0.00187512   0.00256046   0.00394801   -0.0012365            0
          0      0.087          8      9.1926     3050.63     0.980457  -0.00913571   0.00322878   0.00458932  -0.00136025            0
      0.087      0.174          8     9.13655     3046.33      0.99102    -0.025482   0.00671735   0.00629259  -0.00184423            0
      0.174      0.261          8     9.07733     3047.45     0.991147   -0.0196486   0.00426317   0.00475334  -0.00121991            0
      0.261      0.348          8     9.12326     3059.89     0.913291    0.0675246   -0.0117253  -0.00243464  0.000654211            0
      0.348      0.435          8     8.98336      3034.9     0.971174     0.011842  -0.00284913   0.00193451 -0.000450988            0
      0.435      0.522          8     9.14465     2630.63     0.943993    0.0405563  -0.00765519 -0.000199917  6.40611e-05            0
      0.522      0.609          8     8.82783     2607.65     0.984963   0.00287878  -0.00228032   0.00265675 -0.000563145            0
      0.609      0.696          8     8.95218     2732.75      1.04658   -0.0603658   0.00745773   0.00860966  -0.00206109            0
      0.696      0.783          8      8.9316     2182.71      1.01635   -0.0186859   -0.0029867   0.00565537  -0.00113435            0
      0.783      0.879          8     8.86275      2194.7      1.03873   -0.0492541    0.0047403   0.00909612  -0.00222965            0
      0.879      0.957          8     8.72403     2195.38      1.05496   -0.0461109   0.00151985   0.00860911  -0.00201101            0
      0.957      1.044          8      8.7166     1605.26      1.12059    -0.104698   0.00735466     0.015573  -0.00350901            0
      1.044      1.131          8     8.52988     1616.51      1.11841   -0.0893939   0.00679653    0.0144713  -0.00367626            0
      1.131      1.218          8     8.41984     1342.84      1.12898    -0.072325 -0.000348177    0.0116194  -0.00258518            0
      1.218      1.305          8     8.26218        1075      1.19847    -0.149902    0.0143018    0.0228091  -0.00607783            0
      1.305      1.392          8     8.32168     1052.77      1.17554    -0.108204  -0.00220483    0.0164847  -0.00345633            0
      1.392      1.479          8     8.31343     1026.77      1.17769    -0.101746  -0.00964855    0.0154099  -0.00226681            0
      1.479      1.566          8     8.51434     1038.96      1.14363   -0.0938443  -0.00159654    0.0159668  -0.00351246            0
      1.566      1.653          8     8.44774     1069.94      1.18777    -0.143695   0.00639368    0.0224823  -0.00520807            0
      1.653       1.74          8     8.35271     791.232      1.17396    -0.136752   0.00916901    0.0243841  -0.00614862            0
       1.74       1.83          8     8.44678     754.794       1.1535    -0.118023     0.012472    0.0225003  -0.00643086            0
       1.83       1.93          8     8.54262     752.666      1.06919   -0.0397027   0.00684457    0.0118715  -0.00407822            0
       1.93      2.043          8     8.51581     557.083      1.06141    -0.040259   0.00862504    0.0139258  -0.00501546            0
      2.043      2.172          8     8.65202     553.239      1.11529     -0.12557    0.0245426    0.0265283  -0.00855818            0
      2.172      2.322          8     8.61717     554.259      1.14028    -0.170187    0.0350496     0.034427   -0.0113711            0
      2.322        2.5          8     8.24165     405.843      1.22704     -0.22486    0.0301249    0.0447968   -0.0134584            0
        2.5       2.65          8     8.06606      338.71      1.58016    -0.669635      0.11292     0.122074   -0.0385772            0
       2.65      2.853          8     7.75056     378.767      1.46316    -0.430152    0.0553278       0.0782   -0.0235318            0
      2.853      2.964          8     7.62767     259.947      1.33768    -0.213649    0.0398505    0.0500568   -0.0199651            0
      2.964      3.139          8     7.30216     219.166      1.47273    -0.265247  -0.00715064     0.047515   -0.0158119            0
      3.139      3.314          8     7.47792       202.6      1.53881    -0.398078   -0.0151788     0.078622   -0.0202916            0
      3.314      3.489          8     7.81534      155.47      1.40696    -0.298611   -0.0323125    0.0571038  -0.00908531            0
      3.489      3.664          8     8.41812     128.095       1.2948    -0.343864    0.0183915    0.0966742   -0.0317302            0
      3.664      3.839          8     8.81676     105.514       1.2337    -0.347101    0.0128111     0.105806   -0.0312649            0
      3.839      4.013          8     9.01027     83.1315       1.2075    -0.329976    0.0101861      0.11566   -0.0368911            0
      4.013      4.191          8      8.7542     79.5573      1.44009    -0.599393   0.00370774     0.182608   -0.0471728            0
      4.191      4.363          8     8.81736     67.4224      1.25423    -0.346432  -0.00660925     0.131587   -0.0416387            0
      4.363      4.538          8     8.10952     64.7895      1.17132    -0.170449   -0.0190201    0.0724448   -0.0310885            0
      4.538      4.716          8     7.15367     44.5555      1.38158    -0.205079   -0.0624537    0.0897959   -0.0378571            0
      4.716      4.889          8     5.36134     22.9847     -1.12559      4.29391     0.268771     -1.95222     0.311105            0
      4.889      5.191          8      4.2637     13.5491      5.06802     -6.83939    -0.190362      5.27741     -1.15079            0
