     -5.191     -4.889          8     5.07338     14.8335      1.67616     0.314508    -0.266068    -0.256873    0.0446633            0
     -4.889     -4.716          8     6.33042     20.2857      1.31389     0.163168    -0.176909   -0.0888412     0.126865            0
     -4.716     -4.538          8     7.56737     45.1048     0.907318     0.296356    0.0324095   -0.0381663   -0.0363924            0
     -4.538     -4.363          8     8.40744     54.5268     0.970772     0.148673    -0.052015   -0.0350651    0.0117239            0
     -4.363     -4.191          8     9.17619     60.4908     0.896625     0.153075     -0.03732   -0.0297972   0.00809365            0
     -4.191     -4.013          8      9.2149     73.0541     0.852222     0.154854   -0.0212668   -0.0230361   0.00140613            0
     -4.013     -3.839          8       9.475     97.7003     0.808311     0.179316  4.28427e-05   -0.0199614  -0.00812955            0
     -3.839     -3.664          8      9.2895     127.092     0.889334     0.139865    -0.024669   -0.0208106 -0.000296723            0
     -3.664     -3.489          8     8.89521      121.35      1.11002   -0.0585166   -0.0224294    0.0206035  -0.00713463            0
     -3.489     -3.314          8       8.383     163.323      1.14062   -0.0266213   -0.0247249    0.0170152  -0.00740295            0
     -3.314     -3.139          8     7.98247      187.06      1.20587   0.00567154   -0.0496155  -0.00720077   0.00243228            0
     -3.139     -2.964          8     7.68676     212.283      1.22178    0.0384965   -0.0488859   -0.0114891   0.00270663            0
     -2.964     -2.853          8     7.84364      196.63      1.57078    -0.573148    0.0921744     0.141417   -0.0484079            0
     -2.853      -2.65          8     8.19282     289.088      1.49167    -0.499502    0.0621918     0.104128    -0.031474            0
      -2.65       -2.5          8     8.58796     392.281       1.3359    -0.340958    0.0413548    0.0647811   -0.0186783            0
       -2.5     -2.322          8     8.69279     397.473      1.25106    -0.262379    0.0333053    0.0516009    -0.015237            0
     -2.322     -2.172          8     9.08457     409.193       1.1615    -0.202164    0.0359837    0.0457405   -0.0147035            0
     -2.172     -2.043          8     9.11148      561.79      1.02058   -0.0229316   0.00822768    0.0128418  -0.00485472            0
     -2.043      -1.93          8     9.15591     489.866      0.99729    0.0209742 -0.000294347   0.00555848  -0.00268275            0
      -1.93      -1.83          8     9.19714     750.613     0.943411     0.104596     -0.01823  -0.00756611   0.00164585            0
      -1.83      -1.74          8     9.05288     760.392     0.911314     0.147419   -0.0252777   -0.0142983   0.00344589            0
      -1.74     -1.653          8     9.12602      764.01      1.01517    0.0204101    -0.010242   0.00429919  -0.00103037            0
     -1.653     -1.566          8     9.11759     997.107      1.03035   0.00535412  -0.00957612   0.00476035  -0.00103491            0
     -1.566     -1.479          8     9.01442     1028.18      1.09668   -0.0637429  -0.00114792    0.0132408  -0.00314576            0
     -1.479     -1.392          8     8.79872     1021.73      1.10946   -0.0669529  -0.00379283    0.0131652  -0.00276134            0
     -1.392     -1.305          8     8.89109     1038.24      1.09806    -0.040019  -0.00762585   0.00922235  -0.00186343            0
     -1.305     -1.218          8     8.87166     1547.01      1.09298   -0.0499464  0.000407572    0.0112015  -0.00300946            0
     -1.218     -1.131          8     8.91343     1503.23      1.12518     -0.09077   0.00843625    0.0154429  -0.00416877            0
     -1.131     -1.044          8     8.98931      1528.1     0.997902    0.0439004   -0.0160582 -3.09248e-05  0.000268271            0
     -1.044     -0.957          8     9.07681     1637.51      1.00962    0.0142871   -0.0100742   0.00362269 -0.000704936            0
     -0.957     -0.879          8     9.15896     2142.68      1.01173   0.00477374   -0.0090446   0.00364516 -0.000555442            0
     -0.879     -0.783          8      9.3668      2065.1      0.97757    0.0235384  -0.00999605   0.00231913 -0.000314188            0
     -0.783     -0.696          8     9.41294     2203.87      1.00542   -0.0116995  -0.00308989   0.00539114  -0.00114879            0
     -0.696     -0.609          8     9.42502     2630.07     0.953742    0.0365214   -0.0093241 -8.49454e-05  0.000230827            0
     -0.609     -0.522          8     9.46694     2648.95     0.977203    0.0131002  -0.00484456   0.00227523 -0.000460419            0
     -0.522     -0.435          8      9.5617     2867.71     0.933968    0.0489119  -0.00839343 -0.000912851  0.000205776            0
     -0.435     -0.348          8     9.60707     3068.18     0.731169     0.476608    -0.324042    0.0965626   -0.0105614            0
     -0.348     -0.261          8     9.51729     3038.49     0.932441     0.041051  -0.00580469  0.000521042 -0.000290852            0
     -0.261     -0.174          8     9.75508     3038.62     0.861981     0.123031   -0.0216465  -0.00721612    0.0019301            0
     -0.174     -0.087          8     9.68071     3023.16      0.86059     0.112539   -0.0165539  -0.00591904   0.00131456            0
     -0.087          0          8     9.65057     3042.75     0.960603   0.00875905  0.000932518   0.00348035  -0.00115038            0
          0      0.087          8      9.6055     3049.78     0.957825    0.0121826 -0.000441328   0.00285105 -0.000876142            0
      0.087      0.174          8     9.66554     3046.37     0.926044    0.0440127  -0.00582644  0.000448308 -0.000286909            0
      0.174      0.261          8     9.64908     3047.01      0.94889     0.028812  -0.00535914  0.000819366 -0.000143273            0
      0.261      0.348          8     9.62835      3064.6     0.676381     0.556521    -0.365728     0.104885   -0.0109617            0
      0.348      0.435          8     9.57336     3040.63     0.945192     0.036193  -0.00672792  0.000307582 -9.27486e-05            0
      0.435      0.522          8     9.59948     2630.66     0.897006    0.0912748   -0.0165039  -0.00470674   0.00123196            0
      0.522      0.609          8     9.41917     2605.79     0.744292     0.459023    -0.309959    0.0913181  -0.00985809            0
      0.609      0.696          8     9.38684     2662.28     0.958778    0.0351946   -0.0102524  0.000487316  0.000118937            0
      0.696      0.783          8     9.27072     2178.62     0.960611    0.0376409   -0.0112252  0.000473716  9.52585e-05            0
      0.783      0.879          8     9.29318     2160.41      1.01182   -0.0123189  -0.00256334   0.00597143  -0.00144219            0
      0.879      0.957          8     9.27622     2158.19      1.02514   -0.0128339  -0.00383872    0.0062149  -0.00151873            0
      0.957      1.044          8     9.14815     1620.71     0.984475    0.0403243   -0.0146071  0.000556362  0.000186071            0
      1.044      1.131          8     9.00942     1611.67      1.02627    0.0119147   -0.0102936   0.00397663 -0.000910042            0
      1.131      1.218          8     9.02613     1345.36      1.06881   -0.0106359  -0.00938734   0.00569213  -0.00116095            0
      1.218      1.305          8      8.8163      1072.7      1.08251   -0.0242004   -0.0069148   0.00871529   -0.0022136            0
      1.305      1.392          8     8.95138     1063.37     0.489654      1.29412     -1.05146     0.356619   -0.0436537            0
      1.392      1.479          8     8.92853     1037.06      1.05842   0.00826716   -0.0199499   0.00402129  2.71336e-05            0
      1.479      1.566          8     9.11281     1026.49      1.01806    0.0187814   -0.0115307   0.00324904 -0.000705825            0
      1.566      1.653          8     9.07366     1068.91       1.0168     0.027924   -0.0148231   0.00272426 -0.000498004            0
      1.653       1.74          8     9.04125     788.148      1.04576  -0.00773236   -0.0079042   0.00852566  -0.00206399            0
       1.74       1.83          8     9.10202     751.126      1.00421    0.0315687  -0.00615379    0.0028642  -0.00138525            0
       1.83       1.93          8       9.105     750.635       0.9336     0.121865    -0.019893   -0.0113795   0.00254947            0
       1.93      2.043          8     9.09792      571.84      1.02419  -0.00288992   0.00325188   0.00827666   -0.0033928            0
      2.043      2.172          8     9.17656     568.016     0.919005      0.11337   -0.0167893  -0.00844185    0.0015426            0
      2.172      2.322          8     8.89052     558.609      1.14766     -0.15808     0.024857    0.0322897  -0.00997167            0
      2.322        2.5          8     8.72752     409.162      1.19054    -0.192319    0.0246129    0.0410083   -0.0124335            0
        2.5       2.65          8     8.59588     373.772      1.30659    -0.284501    0.0269982    0.0537223   -0.0147025            0
       2.65      2.853          8     8.33179     378.575      1.23777    -0.157864   0.00830091    0.0322471  -0.00914896            0
      2.853      2.964          8     7.95926     259.236      1.14423     0.018969 -0.000927182   0.00474537  -0.00491639            0
      2.964      3.139          8     7.77167     216.043      1.35713    -0.164732  -0.00876492    0.0337167   -0.0130675            0
      3.139      3.314          8      7.9521     194.767      1.14124     0.115534   -0.0860422   -0.0291794    0.0128308            0
      3.314      3.489          8     8.38818     152.408      1.03746     0.119458   -0.0452591   -0.0226591   0.00465084            0
      3.489      3.664          8     8.97883     124.074     0.923332      0.15282   -0.0234123   -0.0225499  -0.00190867            0
      3.664      3.839          8     9.27587     102.937      1.06383   -0.0942344  -0.00931951    0.0396123   -0.0136553            0
      3.839      4.013          8     9.32784     80.4864     0.839937     0.162948   -0.0158712   -0.0226836  -0.00116033            0
      4.013      4.191          8     9.19856      79.306      1.00572    -0.079165   0.00529262    0.0507059   -0.0211373            0
      4.191      4.363          8     9.12164     64.7917     0.877523     0.162771   -0.0290053   -0.0289163   0.00346877            0
      4.363      4.538          8     8.42021     62.2894     0.909198     0.197014   -0.0174324   -0.0338828  -0.00787958            0
      4.538      4.716          8     7.49573     37.1531     0.564598     0.820461   0.00973777    -0.262395    0.0208293            0
      4.716      4.889          8     6.44941     24.0046      0.80881     0.505921     0.210856  -0.00849482    -0.140818            0
      4.889      5.191          8     4.97101     13.5767    -0.641956      2.28654       2.3035     0.296171     -2.64727            0
