     -5.191     -4.889          8     5.15626     27.8163      1.29144     0.842805    -0.173726    -0.411944    0.0491596            0
     -4.889     -4.716          8     6.21064     24.0582      1.30935     0.195514    -0.145959   -0.0742378     0.114051            0
     -4.716     -4.538          8     7.59325     40.7338     0.971266     0.269476   0.00298523   -0.0457118   -0.0249783            0
     -4.538     -4.363          8     8.46424     48.7212     0.975572     0.150603    -0.053308   -0.0376706    0.0103885            0
     -4.363     -4.191          8     9.08206     60.4095       0.9206     0.136936   -0.0508165   -0.0322189    0.0131847            0
     -4.191     -4.013          8     9.36556     88.6804      1.05434    -0.137713    0.0154565    0.0617391    -0.026132            0
     -4.013     -3.839          8     9.38784     97.3584      1.05569     -0.13816     0.013167    0.0603192   -0.0245072            0
     -3.839     -3.664          8     9.28572     127.224      1.02571   -0.0444822  -0.00864911    0.0237206   -0.0101088            0
     -3.664     -3.489          8     8.92175     123.557      1.07499   -0.0350548    -0.016943    0.0189647  -0.00832868            0
     -3.489     -3.314          8     8.38443     163.332      1.12536   0.00110168   -0.0286585   0.00419201  -0.00271845            0
     -3.314     -3.139          8     8.00479      187.06      1.12968      0.12912   -0.0864261   -0.0383787    0.0169546            0
     -3.139     -2.964          8     7.77746     227.054      1.18026    0.0984251   -0.0634664   -0.0241006    0.0070117            0
     -2.964     -2.853          8      8.0301     196.722      1.43065    -0.392291    0.0573752     0.101631   -0.0341804            0
     -2.853      -2.65          8     8.36075     287.773      1.41965    -0.428954    0.0565353    0.0939353   -0.0290991            0
      -2.65       -2.5          8     8.74298     394.224      1.38603    -0.445654    0.0682458    0.0870075   -0.0266424            0
       -2.5     -2.322          8     8.90271     398.459       1.3185    -0.411968    0.0727798     0.081895   -0.0258506            0
     -2.322     -2.172          8     9.19641     411.367      1.18363    -0.269676    0.0549771    0.0597834   -0.0196497            0
     -2.172     -2.043          8     9.26598     561.466       1.0578   -0.0961325    0.0252364    0.0251729  -0.00875196            0
     -2.043      -1.93          8     9.25579     578.154      0.97751    0.0208907   0.00318648   0.00687157  -0.00329223            0
      -1.93      -1.83          8     9.20008     780.922     0.966666    0.0517162  -0.00379359  0.000388984  -0.00113654            0
      -1.83      -1.74          8      9.1446     739.573     0.991614    0.0440545  -0.00961707 -0.000355601  -0.00012575            0
      -1.74     -1.653          8     9.15419     997.465      1.00154    0.0283179  -0.00911805   0.00274072 -0.000844386            0
     -1.653     -1.566          8        9.16      998.35       1.0208   0.00591656  -0.00764756   0.00518947  -0.00139504            0
     -1.566     -1.479          8     9.11355     1044.61      1.07075   -0.0466693  -0.00164979    0.0114132  -0.00285481            0
     -1.479     -1.392          8     9.00117     1030.57      1.10303   -0.0696958  -0.00119715    0.0135499  -0.00315341            0
     -1.392     -1.305          8     8.88563     1065.86      1.11758   -0.0696738  -0.00174354    0.0135152  -0.00320658            0
     -1.305     -1.218          8     8.87762      1551.3      1.11501   -0.0688727   0.00243402    0.0121907  -0.00302456            0
     -1.218     -1.131          8     8.99894     1506.09      1.07953   -0.0436263   0.00045632   0.00992365  -0.00254705            0
     -1.131     -1.044          8     9.01401     1556.38      1.08263   -0.0531615  0.000286202    0.0103995  -0.00243747            0
     -1.044     -0.957          8      9.1601     1632.72      1.06571   -0.0488533  0.000158799    0.0100206  -0.00227253            0
     -0.957     -0.879          8     9.28511     2138.26      1.06666   -0.0607395    0.0034439    0.0102056  -0.00235203            0
     -0.879     -0.783          8     9.31977     2082.82      1.05612   -0.0587173   0.00372567   0.00998926  -0.00228769            0
     -0.783     -0.696          8     9.46088     2198.28      1.02242   -0.0313048  0.000193499   0.00740753  -0.00166872            0
     -0.696     -0.609          8     9.47492     2633.37      1.02555   -0.0388007   0.00287326   0.00744262  -0.00171707            0
     -0.609     -0.522          8     9.52076     2634.07     0.994027  -0.00530135  -0.00287201   0.00433972 -0.000895025            0
     -0.522     -0.435          8      9.5834     2863.55     0.973706   0.00991207  -0.00324542   0.00255891 -0.000568703            0
     -0.435     -0.348          8     9.60823      3067.9     0.967495    0.0165572  -0.00475081   0.00189051 -0.000375348            0
     -0.348     -0.261          8     9.64717      3039.7     0.948453    0.0344707  -0.00785554  0.000396423  8.04024e-05            0
     -0.261     -0.174          8     9.70688     3041.03     0.911338    0.0727456   -0.0129289  -0.00331719  0.000911425            0
     -0.174     -0.087          8     9.68356     3024.47     0.926767    0.0540625  -0.00973372   -0.0012721  0.000389349            0
     -0.087          0          8      9.7248     3045.35     0.932358    0.0442795  -0.00700576 -0.000165295 -2.66921e-05            0
          0      0.087          8     9.66306     3050.87      0.93018    0.0484682  -0.00839405 -0.000755831  0.000194089            0
      0.087      0.174          8     9.69233     3048.36     0.929886    0.0469339  -0.00770654 -0.000461956  7.17988e-05            0
      0.174      0.261          8     9.72394     3047.57     0.930278    0.0479507  -0.00866287 -0.000764356  0.000273847            0
      0.261      0.348          8     9.66439      3066.8     0.933592    0.0492659  -0.00983484  -0.00098244  0.000370343            0
      0.348      0.435          8     9.58322     3041.84     0.957041    0.0237713  -0.00514228   0.00141219 -0.000307848            0
      0.435      0.522          8     9.60258     2627.73     0.961037    0.0263514  -0.00744394   0.00117855 -0.000103539            0
      0.522      0.609          8     9.49203        2606     0.989777  -0.00229775  -0.00201356   0.00395435 -0.000922787            0
      0.609      0.696          8     9.48146     2658.25     0.995257    -0.001656  -0.00393431   0.00373256 -0.000731962            0
      0.696      0.783          8     9.40675     2172.65      1.03491   -0.0405795  0.000667441   0.00818167  -0.00175055            0
      0.783      0.879          8     9.32884     2147.48      1.05375   -0.0559663   0.00366563     0.009884  -0.00229679            0
      0.879      0.957          8      9.2328     2159.29       1.0749   -0.0717943    0.0077199    0.0119139  -0.00313471            0
      0.957      1.044          8     9.20217     1617.61      1.05328   -0.0308875  -0.00414078   0.00815335   -0.0016959            0
      1.044      1.131          8      9.0072     1607.78      1.08107    -0.051073   0.00014327    0.0103108  -0.00244467            0
      1.131      1.218          8     8.95074     1347.55      1.08949   -0.0465882  -0.00157699   0.00992468  -0.00230385            0
      1.218      1.305          8     8.91234     1066.91      1.11442   -0.0665352   0.00042153    0.0135016  -0.00334132            0
      1.305      1.392          8     8.83108      1067.3      1.12815   -0.0777802 -0.000914473    0.0142719  -0.00343988            0
      1.392      1.479          8     8.97864     1033.91      1.10656   -0.0655716  -0.00310647    0.0129398  -0.00291291            0
      1.479      1.566          8     9.07187     1071.31      1.07658   -0.0500341 -0.000667832     0.011929  -0.00312058            0
      1.566      1.653          8     9.06732     1014.67      1.06291   -0.0356546  -0.00187523    0.0101458  -0.00264962            0
      1.653       1.74          8     9.12655     797.819      1.03451  -0.00587555  -0.00568127   0.00839774  -0.00223517            0
       1.74       1.83          8     9.09313     768.333      1.02171  0.000568106  0.000661884    0.0077197  -0.00297117            0
       1.83       1.93          8     9.13004     751.367     0.981961     0.046451  -0.00456485  0.000599971  -0.00114256            0
       1.93      2.043          8      9.1617      572.85      1.02836   -0.0270409   0.00871458    0.0138671  -0.00515416            0
      2.043      2.172          8     9.19171     568.908      1.05994   -0.0859283    0.0230374    0.0226374  -0.00806087            0
      2.172      2.322          8     9.08883     558.167      1.11566    -0.155308    0.0343011    0.0332477   -0.0111811            0
      2.322        2.5          8     8.88028     410.016      1.28113     -0.34775    0.0595085     0.070938   -0.0224291            0
        2.5       2.65          8     8.64547      375.53      1.42038    -0.480647    0.0733881    0.0925563   -0.0283207            0
       2.65      2.853          8      8.3284      378.28      1.39875    -0.393001    0.0576785    0.0767753    -0.024026            0
      2.853      2.964          8     8.03091     259.434      1.40979    -0.390125    0.0787931    0.0945709   -0.0348384            0
      2.964      3.139          8     7.84202     213.283      1.18472    0.0651647   -0.0487136   -0.0158044     0.003618            0
      3.139      3.314          8     8.04004     194.796      1.06173     0.238661    -0.114512   -0.0647594    0.0278389            0
      3.314      3.489          8     8.44372      152.41        1.118 -0.000253458   -0.0264062   0.00573536  -0.00317799            0
      3.489      3.664          8     8.91915     127.017     0.890351     0.260767   -0.0797715   -0.0667029    0.0254802            0
      3.664      3.839          8     9.23589     99.3153       1.1179    -0.181351   0.00810633    0.0676678   -0.0249613            0
      3.839      4.013          8     9.39944     98.3519      1.07106    -0.163187    0.0152079    0.0670219   -0.0255614            0
      4.013      4.191          8     9.31148     118.122      1.07837     -0.16715    0.0111325    0.0654746   -0.0226551            0
      4.191      4.363          8     9.09732     90.4249      1.06851    -0.123707   0.00507798    0.0614465   -0.0257109            0
      4.363      4.538          8     8.52255     66.0898      1.14274    -0.130524  -0.00766037    0.0720532   -0.0314331            0
      4.538      4.716          8     7.62177     39.5088      1.03146     0.222301   -0.0372933   -0.0485908   0.00173663            0
      4.716      4.889          8     6.26491     24.8055      1.20354     0.256194    -0.075738   -0.0614423    0.0638838            0
      4.889      5.191          8     5.00092       19.35      1.61871     0.369061    -0.132887    -0.175219    -0.046731            0
