     -5.191     -4.889          8     3.52519     22.8876      1.45281     -1.27351     0.300942     0.680425    -0.417928            0
     -4.889     -4.716          8     4.00009        30.9      1.45084     -1.34594     0.223013     0.655671    -0.275793            0
     -4.716     -4.538          8     4.59454     72.6636      1.38333     -1.16835     0.115713     0.348124   -0.0879711            0
     -4.538     -4.363          8     4.81516     86.8094      1.35059     -1.10812     0.106671     0.272705   -0.0642771            0
     -4.363     -4.191          8     5.18571      87.761      1.25564     -1.07322     0.132111     0.281581   -0.0765646            0
     -4.191     -4.013          8     6.30897     108.225      1.25928     -1.23153      0.22863       0.3307    -0.107595            0
     -4.013     -3.839          8     5.88395     138.757      1.21038     -1.12998     0.209795     0.289336   -0.0927483            0
     -3.839     -3.664          8     5.93948     180.859      1.22695     -1.14189     0.226459     0.268614   -0.0855909            0
     -3.664     -3.489          8     6.69041     199.726      1.05098    -0.879803     0.191569     0.204188    -0.064432            0
     -3.489     -3.314          8     5.70481     204.473      1.00862     -0.76742     0.174311     0.175978   -0.0549669            0
     -3.314     -3.139          8     5.38322     277.194      0.96505    -0.632784     0.161078      0.13272   -0.0426365            0
     -3.139     -2.964          8     4.66049     261.781      1.63182     -2.30772      1.85459    -0.573835    0.0624472            0
     -2.964     -2.853          8     4.15595      344.54       1.6982     -2.21958      1.71051    -0.500586    0.0506466            0
     -2.853      -2.65          8      3.9181     516.726      1.45894     -1.41687     0.879958    -0.181389   0.00889149            0
      -2.65       -2.5          8     3.84636      508.62      1.27454    -0.669681     0.143658    0.0984897   -0.0286565            0
       -2.5     -2.322          8     3.66688     520.665       1.3745    -0.972027     0.537714   -0.0926755   0.00185275            0
     -2.322     -2.172          8     3.70235     690.439      1.18505    -0.381445    0.0708342    0.0506897   -0.0133533            0
     -2.172     -2.043          8      3.6461     728.489      1.22983    -0.312487    0.0426678    0.0387852  -0.00931001            0
     -2.043      -1.93          8      3.2385     918.835      1.15573    -0.102348   -0.0107025   0.00884651  4.78924e-05            0
      -1.93      -1.83          8     3.35166     847.096      1.07928    0.0867386   -0.0593219    -0.013583   0.00711156            0
      -1.83      -1.74          8     3.06567     903.938      1.22024     0.241962    -0.387657     0.145476   -0.0170832            0
      -1.74     -1.653          8     3.26401     936.666      1.09662     0.198221   -0.0960901   -0.0283682    0.0117694            0
     -1.653     -1.566          8     3.30078     980.526     0.989787     0.689212    -0.603061     0.166657   -0.0140537            0
     -1.566     -1.479          8     3.48408     1373.48      1.01026     0.555732    -0.495174     0.145447    -0.014074            0
     -1.479     -1.392          8     3.42426     1314.91      1.14308     0.121553   -0.0632442   -0.0159865    0.0064544            0
     -1.392     -1.305          8     3.46675     1428.24      1.21654  -0.00296623   -0.0326439  -0.00265825   0.00229767            0
     -1.305     -1.218          8     3.36922     1880.99      1.20106   -0.0322995   -0.0168188   0.00109697  0.000636478            0
     -1.218     -1.131          8     3.40079     1789.91      1.10932    0.0593139   -0.0365238   -0.0067233   0.00317175            0
     -1.131     -1.044          8     3.38657     2209.86      1.21144    -0.131103    0.0111457    0.0104824  -0.00217237            0
     -1.044     -0.957          8     3.40812     2310.34      1.12888   -0.0557087  -0.00340031   0.00441523 -0.000457213            0
     -0.957     -0.879          8     3.51935     2627.67      1.08041   -0.0301611  -0.00516152    0.0026043 -9.75438e-05            0
     -0.879     -0.783          8     3.32749     2795.03      1.25044    -0.408472     0.250576   -0.0668216   0.00654015            0
     -0.783     -0.696          8     3.78227     2804.29      1.05275   -0.0492305   0.00349793    0.0051277 -0.000960909            0
     -0.696     -0.609          8     3.56784     3236.81      1.10924    -0.260955     0.185186   -0.0539006     0.005657            0
     -0.609     -0.522          8     3.77486     3258.12      1.02491    -0.246116     0.242786    -0.084806    0.0100107            0
     -0.522     -0.435          8     3.59564     3270.98      1.10753    -0.338488     0.269009   -0.0838826   0.00918647            0
     -0.435     -0.348          8     3.85893     3306.53     0.973222    -0.228104     0.266845   -0.0997749     0.012217            0
     -0.348     -0.261          8     3.87426     3288.53       1.0035    -0.153491     0.144082   -0.0479727   0.00549904            0
     -0.261     -0.174          8     3.95393     3287.77      1.14801    -0.435142     0.326028   -0.0957494   0.00985357            0
     -0.174     -0.087          8     4.01539     3278.98      1.01637    -0.193653     0.171635   -0.0546545    0.0059996            0
     -0.087          0          8     3.94534     3302.51      1.06344    -0.343182     0.289461   -0.0901591   0.00970736            0
          0      0.087          8      3.9331     3305.62      1.04777    -0.391373     0.360645    -0.119008    0.0133552            0
      0.087      0.174          8     3.87316     3307.82      1.02239    -0.284019     0.264267   -0.0874748   0.00988354            0
      0.174      0.261          8     3.76657     3315.12      1.16243    -0.474922     0.361394    -0.108436    0.0114087            0
      0.261      0.348          8     3.79855     3301.17     0.995134    -0.196647     0.201397   -0.0703827   0.00830646            0
      0.348      0.435          8     3.61099     3312.41       1.1233     -0.41207      0.33527    -0.106133    0.0117024            0
      0.435      0.522          8     3.79905     3270.45      1.01595    -0.166596       0.1551   -0.0521638   0.00603352            0
      0.522      0.609          8     3.99156     3274.33     0.861903      0.11324   -0.0191746  -0.00627204   0.00165732            0
      0.609      0.696          8      3.7892     3257.55       1.0351       -0.167     0.156374   -0.0544209   0.00645586            0
      0.696      0.783          8     4.76353     2803.12     0.683776     0.520802    -0.310327    0.0783569  -0.00705929            0
      0.783      0.879          8     3.52833     2770.38      1.14477    -0.418113     0.374725    -0.130279    0.0154866            0
      0.879      0.957          8      3.5589     2723.29      1.08516    -0.145655     0.117046   -0.0409309   0.00505992            0
      0.957      1.044          8     3.53744     2317.34      1.11916    -0.033482   -0.0111667   0.00284744   0.00028057            0
      1.044      1.131          8     3.69245     1948.15      1.15552   -0.0681372  -0.00072689   0.00626361  -0.00112477            0
      1.131      1.218          8       3.098      1788.5      1.23373    -0.273083     0.231652   -0.0931188    0.0129053            0
      1.218      1.305          8     3.19455     1934.98      1.41308    -0.510005     0.345368    -0.111929    0.0130969            0
      1.305      1.392          8     3.40135      1747.7      1.08924     0.135131   -0.0570054   -0.0149118   0.00551601            0
      1.392      1.479          8     3.10192     1364.43      1.14155     0.102999   -0.0562259   -0.0142438    0.0057715            0
      1.479      1.566          8     3.24529     1458.36     0.933618     0.634852     -0.45133    0.0962246   -0.0045697            0
      1.566      1.653          8     3.07326     961.871      1.11474     0.216404    -0.106041   -0.0317804    0.0128507            0
      1.653       1.74          8     3.28354     922.964     0.919557     0.873493    -0.767301     0.226004   -0.0212155            0
       1.74       1.83          8     3.18407     942.128      1.05501     0.234602    -0.105015   -0.0323121    0.0133739            0
       1.83       1.93          8     3.02665     939.844      1.20882     0.141878    -0.315674     0.130988   -0.0163669            0
       1.93      2.043          8      3.5122     938.709      1.01052     0.461088    -0.597944     0.242652   -0.0317083            0
      2.043      2.172          8     3.34699     699.244      1.25547      -0.3386    0.0489552    0.0404261  -0.00985437            0
      2.172      2.322          8     3.49883     657.122      1.36946    -0.590088     0.111606    0.0738355   -0.0204551            0
      2.322        2.5          8     3.63248     507.907      1.32134     -0.63289     0.124866    0.0901832   -0.0253979            0
        2.5       2.65          8     3.56938     514.925       1.4997     -1.21802     0.630708   -0.0853441  -0.00362395            0
       2.65      2.853          8     3.93305     370.626      1.51085      -1.4368     0.827771    -0.139456  0.000318357            0
      2.853      2.964          8     4.15192     260.092      1.61429     -1.92333      1.41394    -0.381134    0.0335377            0
      2.964      3.139          8     5.22719     273.571      1.47663      -2.1599        1.912    -0.659724    0.0821009            0
      3.139      3.314          8     5.37811     296.865     0.945829    -0.580992     0.136608     0.121784   -0.0365552            0
      3.314      3.489          8     5.77263     213.307      1.08482    -0.897794     0.212466     0.204254   -0.0675428            0
      3.489      3.664          8     6.33458     205.066     0.935647    -0.668818     0.133079     0.153989   -0.0439878            0
      3.664      3.839          8     6.23742     168.838      1.03742    -0.832296     0.151834     0.197587    -0.058252            0
      3.839      4.013          8     6.11937     127.996      1.18191     -1.08082     0.189115     0.280196   -0.0866423            0
      4.013      4.191          8     5.69071     97.9519      1.17698     -1.02811     0.156322     0.282386   -0.0863213            0
      4.191      4.363          8     5.44725     134.089      1.18049    -0.974582     0.141407     0.238649   -0.0660407            0
      4.363      4.538          8     4.93294     80.7648      1.27884     -1.12157     0.171132     0.303433   -0.0925599            0
      4.538      4.716          8     4.65997     50.0384      1.34204     -1.18545     0.153104     0.428889    -0.149541            0
      4.716      4.889          8     3.97785     46.3522      1.46326     -1.30622     0.179429     0.512635    -0.175003            0
      4.889      5.191          8     4.12027     27.9965      1.50878     -1.35741     0.104924     0.658533    -0.226169            0
