     -5.191     -4.889          8     3.73125     19.5086      1.47785     -1.48151     0.271602     0.990696    -0.501207            0
     -4.889     -4.716          8      4.2499     30.7529      1.30021     -1.29978     0.356782       0.7261    -0.384174            0
     -4.716     -4.538          8     4.82676     73.1602      1.25691     -1.05956     0.158553     0.339225    -0.110869            0
     -4.538     -4.363          8     4.89334     86.8094       1.2773      -1.0587     0.116048     0.271614   -0.0671985            0
     -4.363     -4.191          8     5.25239     88.9537      1.17668     -1.05885     0.162467     0.292848   -0.0872032            0
     -4.191     -4.013          8     6.37663     99.5158       1.0895     -1.02774     0.205646     0.285915   -0.0939996            0
     -4.013     -3.839          8     6.18394     136.814      1.13658     -1.09603     0.225426     0.291569   -0.0970163            0
     -3.839     -3.664          8     6.21841      180.97      1.16719     -1.11445     0.236508     0.269776    -0.087915            0
     -3.664     -3.489          8     6.22039     200.989      0.98355    -0.841215     0.206532     0.197078   -0.0651812            0
     -3.489     -3.314          8     5.77369      205.07      0.99987    -0.825154     0.207414     0.193421   -0.0642263            0
     -3.314     -3.139          8     5.51114      282.26     0.798291    -0.445857     0.138912      0.10206    -0.034486            0
     -3.139     -2.964          8     4.71753     264.064      1.39337     -1.98063      1.77303    -0.612243    0.0762656            0
     -2.964     -2.853          8     4.01339     348.231      1.64647     -2.28462      1.89672    -0.605369    0.0681118            0
     -2.853      -2.65          8     4.01346     524.539      1.31254     -1.12319     0.668656    -0.114975   0.00113369            0
      -2.65       -2.5          8     3.89037     402.355      1.13981    -0.526595     0.116942    0.0888224   -0.0262416            0
       -2.5     -2.322          8     3.57525     521.897      1.45414     -1.30849     0.883242     -0.22495    0.0189932            0
     -2.322     -2.172          8     3.51397     716.683      1.19619    -0.408563    0.0814056    0.0538975   -0.0148267            0
     -2.172     -2.043          8     3.53436     735.458      1.11549   -0.0273951    -0.214434      0.13612    -0.022335            0
     -2.043      -1.93          8     3.41522     925.241     0.956069     0.393975    -0.449155     0.171958   -0.0215821            0
      -1.93      -1.83          8     3.15855      817.04      1.07872    0.0757355    -0.053991   -0.0115764   0.00619563            0
      -1.83      -1.74          8     3.19819     916.978     0.906634     0.803757    -0.729218      0.22981   -0.0240685            0
      -1.74     -1.653          8     3.42846     936.867     0.942457     0.883781    -0.861792     0.292426   -0.0338295            0
     -1.653     -1.566          8     3.30924     987.919     0.759306      1.20873     -1.01625     0.305464   -0.0307696            0
     -1.566     -1.479          8      3.2125     1343.59     0.865703      1.05753    -0.963237      0.31245    -0.034476            0
     -1.479     -1.392          8     3.22137     1322.54      1.18335     0.281363    -0.338286     0.114319   -0.0128839            0
     -1.392     -1.305          8     3.12118     1441.26      1.15196     0.295515    -0.342282     0.115931   -0.0130101            0
     -1.305     -1.218          8     3.12545     1884.16        1.138     0.145796    -0.162703    0.0476135  -0.00444804            0
     -1.218     -1.131          8     3.41074     1800.34      1.06378     0.209527    -0.196811    0.0591913  -0.00599171            0
     -1.131     -1.044          8     3.38004     2213.55      1.14338    0.0867235    -0.171149    0.0692838  -0.00874963            0
     -1.044     -0.957          8     3.26514     2303.82      1.12659   -0.0654852  0.000833696    0.0056131 -0.000931991            0
     -0.957     -0.879          8     3.29647     2629.98      1.12639   -0.0863356   0.00607476   0.00711958  -0.00132411            0
     -0.879     -0.783          8     3.42443      2795.3      1.15717   -0.0511468   -0.0901521    0.0543537  -0.00801923            0
     -0.783     -0.696          8     3.62353     2805.43      1.04948   -0.0560376   0.00698761   0.00600716  -0.00132502            0
     -0.696     -0.609          8     3.60841     3244.93     0.997838   -0.0283707   0.00645648   0.00412798  -0.00102825            0
     -0.609     -0.522          8     3.66587     3263.07     0.903089    0.0628109  -0.00898243  -0.00209826   0.00052496            0
     -0.522     -0.435          8     3.52585     3275.36      0.96529   0.00815981  -0.00113921   0.00129499 -0.000246484            0
     -0.435     -0.348          8     3.73148      3306.2     0.861945   -0.0178999     0.125819   -0.0597294   0.00813526            0
     -0.348     -0.261          8      3.9651     3291.52     0.888773     0.125994   -0.0765038    0.0228121  -0.00249147            0
     -0.261     -0.174          8     4.00553     3288.94     0.894099    0.0493144  -0.00225701 -0.000890991 -6.81719e-05            0
     -0.174     -0.087          8     3.87768     3280.79     0.926571    0.0325466   -0.0041578   0.00013351  1.70976e-05            0
     -0.087          0          8     4.44171     3304.96     0.902501    0.0263024   0.00253984   0.00150634 -0.000618641            0
          0      0.087          8     3.97055     3308.14     0.977605    -0.224618     0.232683   -0.0788931   0.00887987            0
      0.087      0.174          8     3.89618     3310.84     0.955417    -0.116677     0.128527   -0.0428857   0.00473944            0
      0.174      0.261          8     3.78251     3317.38      0.99066   -0.0396626    0.0100864   0.00524005  -0.00138688            0
      0.261      0.348          8      3.6305     3305.57      1.08144    -0.266709     0.194842   -0.0551728   0.00547204            0
      0.348      0.435          8     3.55498     3314.03      1.01305    -0.171199      0.15492   -0.0503342   0.00560232            0
      0.435      0.522          8     3.67241     3273.46     0.987367   -0.0168549   0.00292375   0.00334948 -0.000717072            0
      0.522      0.609          8     3.89454     3273.22     0.813262     0.329209    -0.225145     0.065507  -0.00676522            0
      0.609      0.696          8      3.5552     3259.34      1.01201   -0.0298224   0.00538537   0.00388322 -0.000947209            0
      0.696      0.783          8     3.44778     2804.53     0.969111    0.0388493   -0.0130271  -0.00140065   0.00081148            0
      0.783      0.879          8      3.6647     2779.42      1.03756   -0.0204183  -0.00130677   0.00303388 -0.000512755            0
      0.879      0.957          8     3.43486     2724.04      1.00547     0.120458    -0.122191    0.0412672  -0.00461381            0
      0.957      1.044          8     3.44305     2324.37      1.00522     0.257059    -0.262997    0.0916222   -0.0106547            0
      1.044      1.131          8     3.46372     1948.16      1.20397    -0.111874   0.00539144   0.00981707  -0.00198635            0
      1.131      1.218          8     3.09273     1787.04      1.23317    -0.211572     0.126888   -0.0413151     0.005053            0
      1.218      1.305          8     3.01233     1936.19       1.3447    -0.183028   0.00910377    0.0137185  -0.00261995            0
      1.305      1.392          8     3.34872     1751.85     0.898901     0.637028    -0.488758     0.134568   -0.0125002            0
      1.392      1.479          8      3.1571     1370.13      1.00207       0.4912    -0.390954     0.102005  -0.00839644            0
      1.479      1.566          8     3.20568     1493.97     0.797011      1.01386    -0.800184     0.225856   -0.0213828            0
      1.566      1.653          8     3.06517     967.042     0.905468     0.720345    -0.518618     0.108469  -0.00413691            0
      1.653       1.74          8     3.27247     924.516       0.8526      1.00224    -0.877207     0.271036   -0.0281269            0
       1.74       1.83          8     3.08607     946.541     0.863715     0.874671    -0.743968     0.217866   -0.0204366            0
       1.83       1.93          8     3.07015     952.156      1.17881     0.263881    -0.464197     0.199995   -0.0270983            0
       1.93      2.043          8     3.42781     940.638     0.956501     0.676309    -0.837309     0.344005    -0.046289            0
      2.043      2.172          8     3.62312     700.934      1.15804    -0.229141    0.0263719     0.029759  -0.00650402            0
      2.172      2.322          8      3.4521     524.681      1.28455    -0.522481     0.104315    0.0731945   -0.0211065            0
      2.322        2.5          8     3.58003     510.483      1.33792    -0.949402     0.544571   -0.0969142   0.00208437            0
        2.5       2.65          8     3.73349      528.23      1.42315       -1.216     0.729398    -0.144422   0.00602596            0
       2.65      2.853          8     3.76958     377.071        1.485     -1.51019     0.964805    -0.205556    0.0102533            0
      2.853      2.964          8     4.22699     257.746      1.69196     -2.40935       2.0455    -0.674062    0.0785997            0
      2.964      3.139          8     5.16235     281.316      1.51777      -2.3452      2.08969    -0.718008    0.0879464            0
      3.139      3.314          8     5.37833     296.865     0.848417    -0.503186     0.141682     0.110901   -0.0360483            0
      3.314      3.489          8     5.89901     213.404      1.08238     -0.96887      0.24755     0.225803    -0.077501            0
      3.489      3.664          8     6.13874     220.212     0.973575    -0.812381     0.187239     0.189557   -0.0588789            0
      3.664      3.839          8     6.30638     167.251     0.953044    -0.763628     0.149982     0.187056   -0.0552115            0
      3.839      4.013          8     6.19992     128.436      1.05892    -0.946868     0.175884     0.250057   -0.0770324            0
      4.013      4.191          8     5.94689     99.1511      1.10071     -1.01885      0.19125     0.297421   -0.0992298            0
      4.191      4.363          8     5.41274     134.089      1.11941    -0.936797     0.148985     0.235855   -0.0670677            0
      4.363      4.538          8     4.94392     80.7648      1.20834     -1.09802     0.200282     0.312258    -0.104489            0
      4.538      4.716          8     4.76455     48.3285      1.30805     -1.22788     0.173181     0.456574    -0.153067            0
      4.716      4.889          8     4.32158     46.8554      1.29101     -1.17355     0.280439      0.50773    -0.235134            0
      4.889      5.191          8     4.00831     27.9965       1.5154     -1.40812      0.12042     0.673137    -0.217233            0
