     -5.191     -4.889          8     5.14842     18.0015     0.939785     0.529572     0.185263   -0.0404714    -0.164734            0
     -4.889     -4.716          8     6.24087     25.4012      0.93053     0.375845    0.0789223   -0.0358214   -0.0589184            0
     -4.716     -4.538          8     7.84369     38.8766     0.854525     0.285101     0.035572   -0.0377987   -0.0413308            0
     -4.538     -4.363          8     8.83444     60.6266     0.888834     0.161767   -0.0317085   -0.0310015   0.00239616            0
     -4.363     -4.191          8     9.30873     78.2261      1.04083    -0.128018   0.00794985      0.06693   -0.0294242            0
     -4.191     -4.013          8     9.30649     78.5456      1.08695    -0.206198    0.0139186    0.0887942   -0.0330392            0
     -4.013     -3.839          8     9.32862     97.8364     0.954615   -0.0344095    0.0163117    0.0365011   -0.0237283            0
     -3.839     -3.664          8     9.29848     129.007       1.0234    -0.100334    0.0203668    0.0466471   -0.0225158            0
     -3.664     -3.489          8     8.80814     129.821      1.19581    -0.193713  -0.00359669    0.0571297   -0.0190745            0
     -3.489     -3.314          8     8.38865     168.674      1.22968    -0.104486    -0.034884    0.0259311  -0.00617886            0
     -3.314     -3.139          8     8.01199     186.236       1.2491   -0.0331298    -0.060282 -0.000643929   0.00402523            0
     -3.139     -2.964          8     7.80617     218.491      1.30334   -0.0893157    -0.025336    0.0159962  -0.00661158            0
     -2.964     -2.853          8     7.76839     201.588      1.60156    -0.602804    0.0762071     0.144131   -0.0451746            0
     -2.853      -2.65          8     8.13522     293.972      1.64933    -0.680754    0.0783766     0.134476   -0.0387278            0
      -2.65       -2.5          8     8.45415     394.622      1.57881    -0.628313    0.0815487     0.111525   -0.0318283            0
       -2.5     -2.322          8     8.69624     400.965      1.34678    -0.374375    0.0470055    0.0690964   -0.0197837            0
     -2.322     -2.172          8     9.00999     415.882      1.16837    -0.206857    0.0320912    0.0459164   -0.0141234            0
     -2.172     -2.043          8     9.00776     561.893      1.09716    -0.103591    0.0165465    0.0245003  -0.00773025            0
     -2.043      -1.93          8     9.09453     582.949      1.05587   -0.0610115    0.0132596    0.0179383  -0.00615559            0
      -1.93      -1.83          8     9.17741     768.717      1.02772   -0.0138533   0.00343371   0.00941935  -0.00335098            0
      -1.83      -1.74          8     9.12112     777.459       1.0072    0.0193901  -0.00466099    0.0045349  -0.00179497            0
      -1.74     -1.653          8     9.17597     780.504      1.03348   -0.0226485  -0.00152988    0.0108277  -0.00293528            0
     -1.653     -1.566          8     9.09429     999.121      1.07448   -0.0426384  -0.00442105   0.00807941  -0.00134009            0
     -1.566     -1.479          8     9.16784     1037.32      1.15102    -0.140821    0.0130179    0.0230489  -0.00591695            0
     -1.479     -1.392          8     8.91943     1030.85      1.17882    -0.148368   0.00933632    0.0224723  -0.00525742            0
     -1.392     -1.305          8     8.84501      1051.8      1.15444    -0.106106   0.00130334    0.0163898  -0.00348546            0
     -1.305     -1.218          8     8.81575     1554.72       1.1069   -0.0570648  -0.00116596    0.0108374  -0.00264227            0
     -1.218     -1.131          8     8.94342     1487.62      1.12306   -0.0893004   0.00714137    0.0150162  -0.00391917            0
     -1.131     -1.044          8     8.97005     1571.87      1.07044   -0.0378191  -0.00287517   0.00890889  -0.00205768            0
     -1.044     -0.957          8     9.03666     1653.98      1.09672   -0.0800985   0.00409438    0.0132181  -0.00303248            0
     -0.957     -0.879          8      9.2152     2147.01      1.03948   -0.0282037  -0.00295036   0.00691554  -0.00145432            0
     -0.879     -0.783          8      9.2801     2111.48       1.0177     -0.01516  -0.00319263   0.00547341  -0.00118679            0
     -0.783     -0.696          8     9.29144      2209.4      1.02265   -0.0301451   0.00032685   0.00715322  -0.00165305            0
     -0.696     -0.609          8     9.38724     2635.58      1.00149   -0.0130049 -0.000804077   0.00495392  -0.00116044            0
     -0.609     -0.522          8     9.51188     2654.94     0.978861   0.00403803  -0.00109837   0.00315424 -0.000848803            0
     -0.522     -0.435          8     9.52369     2871.16     0.990517  -0.00949582  0.000831168   0.00411375  -0.00100638            0
     -0.435     -0.348          8     9.52527     3070.49     0.941904    0.0425723  -0.00816626 -0.000387336  0.000131785            0
     -0.348     -0.261          8      9.5188     3040.96     0.998218   -0.0223648   0.00405025   0.00580598  -0.00159272            0
     -0.261     -0.174          8     9.53203     3040.24     0.945118    0.0356168  -0.00632716 -8.34761e-05  0.000100499            0
     -0.174     -0.087          8     9.62802     3025.06     0.942666    0.0351637  -0.00451007  0.000531849 -0.000316058            0
     -0.087          0          8     9.63477     3044.52     0.936432    0.0383753  -0.00483344  0.000415031 -0.000264704            0
          0      0.087          8      9.6668     3051.73     0.926658    0.0456612   -0.0057809 -0.000443649 -2.98306e-05            0
      0.087      0.174          8     9.54325     3048.24     0.987714   -0.0169962   0.00412315   0.00549284  -0.00155819            0
      0.174      0.261          8      9.5158     3049.93     0.975806  -0.00117104  0.000419274   0.00316765 -0.000743287            0
      0.261      0.348          8     9.58523     3064.46     0.917315    0.0624213   -0.0104887  -0.00222917  0.000592027            0
      0.348      0.435          8     9.54853     3045.39     0.928431    0.0484785  -0.00662925  -0.00052342 -8.50762e-05            0
      0.435      0.522          8     9.43764     2630.62     0.989779  -0.00491482 -0.000835012    0.0037106 -0.000857076            0
      0.522      0.609          8     9.36443     2606.24     0.983293    0.0137266  -0.00659272   0.00184368 -0.000218808            0
      0.609      0.696          8     9.39571     2678.42            0            0            0            0            0            0
      0.696      0.783          8     9.44082     2187.47      1.01917   -0.0263805 -0.000787662   0.00703985  -0.00157966            0
      0.783      0.879          8     9.20231      2184.8      1.05661   -0.0570413   0.00351539   0.00990268  -0.00231281            0
      0.879      0.957          8     9.19647     2163.93      1.02826   -0.0219072 -0.000217604   0.00694998  -0.00189053            0
      0.957      1.044          8     9.01794     1610.75      1.08238   -0.0640135  0.000975378    0.0115957    -0.002578            0
      1.044      1.131          8     9.03984     1620.59      1.05037   -0.0148631   -0.0062874   0.00586621  -0.00124165            0
      1.131      1.218          8     9.00013      1352.2      1.05915  -0.00949142  -0.00768154   0.00527402  -0.00116274            0
      1.218      1.305          8     8.89955     1080.29      1.14718    -0.112233    0.0107018    0.0195105  -0.00538704            0
      1.305      1.392          8     8.91096     1070.33      1.07169   -0.0069205   -0.0148297   0.00514236   -0.0007308            0
      1.392      1.479          8     8.97035     1043.28      1.12918   -0.0776633  -0.00682262    0.0145728  -0.00276004            0
      1.479      1.566          8     8.93218     1039.64      1.15128    -0.130637    0.0109708    0.0210192  -0.00543344            0
      1.566      1.653          8     8.96662     995.135      1.17543    -0.156769    0.0129403    0.0243346  -0.00591351            0
      1.653       1.74          8      9.0944     796.864      1.12264    -0.104209   0.00514368     0.021177  -0.00512958            0
       1.74       1.83          8     9.14426     770.062      1.09794   -0.0855966    0.0113388    0.0188856  -0.00564758            0
       1.83       1.93          8     9.00175      743.48      1.00513    0.0281046  -0.00615972   0.00309724  -0.00143961            0
       1.93      2.043          8     9.00691     571.992      1.03427   -0.0134923   0.00139423    0.0106029  -0.00382445            0
      2.043      2.172          8     9.14683     571.237      1.05187   -0.0366523    0.0032549    0.0134951  -0.00434984            0
      2.172      2.322          8     8.77954     408.438      1.21949    -0.241948     0.031041    0.0502398   -0.0147758            0
      2.322        2.5          8      8.5418      412.95      1.27046    -0.269686    0.0292082     0.051309   -0.0144969            0
        2.5       2.65          8     8.31291     378.184      1.54269    -0.568979    0.0701818     0.100163   -0.0282595            0
       2.65      2.853          8     8.22642     378.767      1.57271    -0.584239    0.0741541     0.105409   -0.0304108            0
      2.853      2.964          8     7.83754     261.736       1.5483    -0.545699    0.0897745     0.118698   -0.0404325            0
      2.964      3.139          8     7.83687     217.667      1.40955    -0.265904    0.0114873    0.0579595   -0.0198985            0
      3.139      3.314          8     8.00967     202.954      1.31538    -0.155466   -0.0251871    0.0322342   -0.0102398            0
      3.314      3.489          8     8.35711     156.968      1.04846     0.200043    -0.112298   -0.0614179    0.0306732            0
      3.489      3.664          8     8.92934     125.572      1.15704    -0.169632    0.0113481    0.0575874   -0.0240968            0
      3.664      3.839          8      9.2514     105.636      1.08631    -0.160134    0.0142631    0.0651053   -0.0275647            0
      3.839      4.013          8     9.33952     87.9899      1.08505    -0.200538    0.0231039    0.0804032   -0.0317591            0
      4.013      4.191          8     9.35167     82.0936      1.25335    -0.420564    0.0143465      0.14651   -0.0421368            0
      4.191      4.363          8     9.10359     69.9723      1.10947    -0.203051   0.00442871    0.0840237   -0.0311326            0
      4.363      4.538          8     8.75844     65.6416     0.908527     0.158783   -0.0382325   -0.0335644   0.00331089            0
      4.538      4.716          8     7.70445     47.0866      1.01502     0.205085   -0.0471816   -0.0538388  -0.00450743            0
      4.716      4.889          8     6.41939      26.885     0.940637     0.342541    0.0580891   -0.0224498   -0.0140086            0
      4.889      5.191          8     5.05976     15.1645      2.83595    -0.854419     -1.56406    -0.366648       1.5531            0
