     -5.191     -4.889          8      4.6641     10.0981     0.458116     0.269496    0.0958557   -0.0256828   -0.0904667            0
     -4.889     -4.716          8     4.98018     19.6954      0.84359   -0.0963284    -0.263476   -0.0615014     0.206156            0
     -4.716     -4.538          8     5.98301     42.4297     0.828487    -0.532826    0.0942766     0.263272     -0.10376            0
     -4.538     -4.363          8     6.63138     52.3367     0.815762    -0.536395    0.0692952     0.210844    -0.067404            0
     -4.363     -4.191          8     7.17208     56.3351     0.799594     -0.54795    0.0526029     0.210045   -0.0546098            0
     -4.191     -4.013          8     7.43975     70.3096      0.76834      -0.5358    0.0787381     0.190027   -0.0546241            0
     -4.013     -3.839          8     7.87545     95.4858     0.694172      -0.4874     0.116537     0.173212   -0.0612624            0
     -3.839     -3.664          8     7.91843     123.624     0.700118    -0.483136     0.116706     0.154755   -0.0506531            0
     -3.664     -3.489          8     7.82184      124.53     0.713042     -0.49065     0.120954     0.159373   -0.0518218            0
     -3.489     -3.314          8     7.38005     132.455     0.641391    -0.322417    0.0916862     0.107729   -0.0321986            0
     -3.314     -3.139          8     6.75248     199.716     0.599492    -0.158658    0.0499951    0.0584319   -0.0141588            0
     -3.139     -2.964          8       5.898     175.127      0.60561   -0.0232883     0.040721    0.0356503  -0.00860138            0
     -2.964     -2.853          8     5.02861     173.912     0.868164    -0.323917     0.114899     0.104794    -0.036187            0
     -2.853      -2.65          8     4.90304      274.46     0.998487    -0.460529     0.109297     0.104187    -0.031133            0
      -2.65       -2.5          8     4.62266     358.309      1.00005    -0.380939    0.0858328    0.0763147   -0.0214409            0
       -2.5     -2.322          8     4.49449      364.09      1.14041    -0.494955     0.105813    0.0909562   -0.0267686            0
     -2.322     -2.172          8     4.25849     366.259      1.13031    -0.364566    0.0638878    0.0660999   -0.0176979            0
     -2.172     -2.043          8     4.02402     515.299     0.857057     0.678165    -0.946435       0.4522   -0.0698879            0
     -2.043      -1.93          8     3.89747     439.373     0.704414      1.36201      -1.6057     0.700513    -0.103148            0
      -1.93      -1.83          8     3.71802     664.948     0.697854      1.50157     -1.61752     0.648025    -0.088495            0
      -1.83      -1.74          8     3.71689     670.585     0.991686      1.06902     -1.28198     0.522607   -0.0718577            0
      -1.74     -1.653          8     3.49244     689.591     0.847331      1.27908     -1.31948     0.492346   -0.0634943            0
     -1.653     -1.566          8     3.52681     899.288     0.291301      2.50261     -2.20812     0.749795   -0.0886237            0
     -1.566     -1.479          8     3.66572     903.887      2.11882     -2.36114      2.10403    -0.785068    0.0991693            0
     -1.479     -1.392          8     3.55307     899.117     0.960057     0.964177     -1.02048     0.384904   -0.0498419            0
     -1.392     -1.305          8     3.60862     898.037      1.18013     0.406591    -0.560592     0.230662    -0.031654            0
     -1.305     -1.218          8     3.69832     930.299      0.77131      1.22999     -1.20199     0.446349   -0.0573068            0
     -1.218     -1.131          8     3.82548      1333.8       1.0771     0.378407    -0.457418     0.180372   -0.0238485            0
     -1.131     -1.044          8      3.9592     1371.98     0.978632     0.550036    -0.607633     0.235007   -0.0306276            0
     -1.044     -0.957          8      3.9616     1441.34     0.826225     0.688852    -0.634803     0.226195   -0.0280244            0
     -0.957     -0.879          8     4.06117     1914.18     0.837709     0.595669    -0.556106     0.199735   -0.0246635            0
     -0.879     -0.783          8     4.11772     1822.86     0.714954      0.75978    -0.648617     0.223727   -0.0269691            0
     -0.783     -0.696          8     4.27041     1961.75     0.805408     0.488684    -0.433295      0.15583   -0.0194309            0
     -0.696     -0.609          8     4.28576     2355.49     0.739447     0.506527     -0.38493     0.126175    -0.014811            0
     -0.609     -0.522          8     4.23645     2386.15     0.619892     0.756139    -0.563732     0.178847   -0.0202756            0
     -0.522     -0.435          8     4.36398     2570.33     0.734283     0.526454    -0.418126      0.14104   -0.0167554            0
     -0.435     -0.348          8     4.36631     2793.33     0.656221     0.676453    -0.516385     0.167275    -0.019194            0
     -0.348     -0.261          8     4.49473     2758.75       0.6199     0.716648    -0.528913     0.167579   -0.0189528            0
     -0.261     -0.174          8     4.42628     2768.34      0.67176     0.606314    -0.450253     0.144338   -0.0165206            0
     -0.174     -0.087          8     4.51696     2756.44     0.903773    0.0348364 -0.000344637   0.00130373 -0.000584475            0
     -0.087          0          8     4.54857     2772.02     0.786956     0.317978    -0.231985    0.0782509  -0.00951453            0
          0      0.087          8     4.37416      2778.9     0.703185     0.474682      -0.3417     0.110947   -0.0129661            0
      0.087      0.174          8     4.48612     2781.83     0.893758     0.039276 -0.000843894   0.00104507  -0.00051037            0
      0.174      0.261          8      4.5634     2776.59     0.635762     0.602551    -0.418012     0.129251   -0.0145052            0
      0.261      0.348          8      4.5125     2792.47     0.526041     0.896571    -0.651744     0.202633    -0.022498            0
      0.348      0.435          8     4.47537     2751.95     0.651776      0.65396    -0.483732     0.153758   -0.0174627            0
      0.435      0.522          8     4.34945     2377.02     0.587998     0.870933    -0.673849     0.218073   -0.0249785            0
      0.522      0.609          8     4.32198     2368.15     0.595479     0.846486     -0.64141     0.204162   -0.0231223            0
      0.609      0.696          8     4.23491     2348.18     0.700545     0.656089    -0.521517      0.17299   -0.0202615            0
      0.696      0.783          8     4.25808     1956.97     0.726373     0.638454    -0.523153     0.177488   -0.0212373            0
      0.783      0.879          8     4.05082     1898.83     0.835834     0.481385    -0.427659     0.151883   -0.0187804            0
      0.879      0.957          8     4.08748     1913.62      1.18573    -0.173977    0.0274182    0.0180255  -0.00484052            0
      0.957      1.044          8     4.01995     1429.18     0.646108      1.08489    -0.933657     0.319626   -0.0383437            0
      1.044      1.131          8     3.81013     1411.17     0.956571     0.546011    -0.577099      0.21858   -0.0281348            0
      1.131      1.218          8     3.76737      1188.4     0.871567     0.791339    -0.765481     0.279232   -0.0352589            0
      1.218      1.305          8     3.66439     913.433      1.02622     0.599193    -0.660022     0.254369    -0.033623            0
      1.305      1.392          8     3.68957      919.52     0.818209      1.24935     -1.21802     0.440922   -0.0553737            0
      1.392      1.479          8     3.69045     896.361     0.858396      1.14195     -1.12227      0.40805   -0.0515076            0
      1.479      1.566          8     3.76307     916.718     0.756774      1.54615      -1.5181      0.54851   -0.0685562            0
      1.566      1.653          8     3.45987     970.124     0.910446      1.23432     -1.30886     0.486894   -0.0618922            0
      1.653       1.74          8     3.61331     697.328     0.751409       1.6201     -1.65465     0.620999   -0.0804562            0
       1.74       1.83          8     3.59586     674.051      1.22373     0.577033    -0.926614     0.416351    -0.060569            0
       1.83       1.93          8     3.68652     672.232     0.822833      1.19783     -1.33908     0.542091   -0.0744857            0
       1.93      2.043          8      3.8043     510.174     0.790612      1.11964     -1.33359     0.576348   -0.0837471            0
      2.043      2.172          8     4.08128     504.801      1.08624      0.15377    -0.504088     0.294465   -0.0499455            0
      2.172      2.322          8     4.13685     524.651      1.25796    -0.508526    0.0959754    0.0786752   -0.0220058            0
      2.322        2.5          8      4.4503     373.852     0.740356     0.523796    -0.791272     0.424456     -0.07133            0
        2.5       2.65          8     4.67031     323.813     0.979307    -0.335429    0.0749729     0.068711   -0.0191007            0
       2.65      2.853          8     4.89488     346.078     0.975459    -0.429085     0.111922       0.0901   -0.0272987            0
      2.853      2.964          8      5.0905     234.631     0.867594    -0.331386     0.122745    0.0995645   -0.0331071            0
      2.964      3.139          8     5.86117     179.661     0.642115    -0.094461    0.0596604    0.0526128   -0.0151761            0
      3.139      3.314          8     6.81174     182.519     0.621474    -0.205369    0.0644428    0.0694151   -0.0186019            0
      3.314      3.489          8     7.37275     149.684     0.601061    -0.259299    0.0797608    0.0914883   -0.0270881            0
      3.489      3.664          8     7.72798     121.743     0.718933    -0.495594     0.121862     0.161124   -0.0523191            0
      3.664      3.839          8      7.9365     100.163     0.734924    -0.523766    0.0972243     0.174525   -0.0511085            0
      3.839      4.013          8     7.73045     77.9723     0.734107    -0.513981    0.0904859     0.188154   -0.0595261            0
      4.013      4.191          8     7.45782     76.7544     0.773326     -0.53179    0.0693231     0.183902   -0.0493049            0
      4.191      4.363          8     7.29289     62.2572      0.77553    -0.516423    0.0656475     0.200733   -0.0612823            0
      4.363      4.538          8     6.53418     59.6149     0.762685    -0.478865    0.0893078     0.199502   -0.0784811            0
      4.538      4.716          8     5.81857     42.2749     0.800437    -0.486554     0.108246     0.253926    -0.118373            0
      4.716      4.889          8     5.17613     31.1115     0.818741    -0.435175     0.160376     0.311867    -0.200057            0
      4.889      5.191          8      4.5788     11.7368     0.623037      0.23951   0.00462858   -0.0806905   -0.0666077            0
