     -5.191     -4.889          8     4.55316     24.4972      3.76526     -4.06569 -0.000948086      2.10144    -0.398543            0
     -4.889     -4.716          8     5.64721     32.9856     0.608848      1.09505  -0.00582058    -0.371637    0.0372139            0
     -4.716     -4.538          8      6.8322     76.5721      1.26155    -0.197665   0.00796187    0.0896739   -0.0346467            0
     -4.538     -4.363          8     7.29834     92.1958      1.28647    -0.316846   0.00345669    0.0926112   -0.0295632            0
     -4.363     -4.191          8     7.65944     91.8159      1.22837    -0.349179    0.0183177      0.10821   -0.0324512            0
     -4.191     -4.013          8     8.47151     112.612      1.37278    -0.724242     0.149757      0.21483   -0.0824576            0
     -4.013     -3.839          8     8.07171     143.357      1.22781    -0.392872    0.0601262     0.114733   -0.0428149            0
     -3.839     -3.664          8     7.94984     185.183      1.16143    -0.241077    0.0245492    0.0635667   -0.0222597            0
     -3.664     -3.489          8     7.49146     204.734      1.20676    -0.196276  0.000777053     0.041583   -0.0111027            0
     -3.489     -3.314          8     7.12364     210.079      1.17394  -0.00207152   -0.0618923   -0.0083431   0.00944801            0
     -3.314     -3.139          8     6.81308     301.837      1.19064     0.048003   -0.0700181   -0.0184615    0.0093072            0
     -3.139     -2.964          8     6.68006     299.995       1.2312   -0.0110182   -0.0365742  -0.00257145   0.00055508            0
     -2.964     -2.853          8     6.59836     390.518      1.72939    -0.790282     0.140689     0.142858   -0.0461885            0
     -2.853      -2.65          8     7.07103     526.492         1.46    -0.451554    0.0643339    0.0713543   -0.0204915            0
      -2.65       -2.5          8     7.27617     565.164      1.42749    -0.428206    0.0542786    0.0655142   -0.0179389            0
       -2.5     -2.322          8     7.56119       571.9        1.212    -0.215546    0.0291082    0.0364008   -0.0104833            0
     -2.322     -2.172          8     7.65168     776.072      1.15873    -0.173486    0.0289314    0.0284083  -0.00842938            0
     -2.172     -2.043          8     8.25181       778.8       1.0649   -0.0736707    0.0172532    0.0156442  -0.00530004            0
     -2.043      -1.93          8     8.52942     1015.83      0.91172     0.105756   -0.0122915  -0.00617139  0.000654891            0
      -1.93      -1.83          8     8.12508      964.14     0.972828    0.0466774  -0.00434278 -7.39699e-05 -0.000794851            0
      -1.83      -1.74          8     8.12424     1016.19      1.12678     -0.12567    0.0236865    0.0205851  -0.00639147            0
      -1.74     -1.653          8     8.08941     1048.37     0.960986    0.0316094   0.00297553    0.0016431  -0.00144858            0
     -1.653     -1.566          8     8.34756     1093.03     0.995031    0.0120143   -0.0034481   0.00436086  -0.00143438            0
     -1.566     -1.479          8     8.33128     1605.86     0.988032    0.0340863   -0.0118966  0.000924224 -0.000104007            0
     -1.479     -1.392          8     7.72308     1520.88      1.13432    -0.121944    0.0129444    0.0183277  -0.00465034            0
     -1.392     -1.305          8     7.64402      1650.3      1.07275   -0.0324683  -0.00357648   0.00674518  -0.00144663            0
     -1.305     -1.218          8      7.8167     1878.72      1.09533    -0.070132   0.00935791    0.0105316   -0.0029874            0
     -1.218     -1.131          8     8.28331     2152.12      1.04419  -0.00379857  -0.00563568   0.00404721  -0.00095472            0
     -1.131     -1.044          8     7.86297      2576.1      1.06633   -0.0382908  0.000648998   0.00626046  -0.00145397            0
     -1.044     -0.957          8     8.01931     2602.73      1.06349   -0.0469439   0.00260382   0.00784989  -0.00193903            0
     -0.957     -0.879          8     7.95904        3140      1.08076   -0.0654381   0.00545952   0.00805806  -0.00185401            0
     -0.879     -0.783          8     7.97686     3105.99      1.00603 -0.000624728  -0.00501847   0.00304896 -0.000544334            0
     -0.783     -0.696          8     7.98663      3130.8      1.08863   -0.0812979   0.00670431   0.00919962  -0.00195069            0
     -0.696     -0.609          8     8.44371      3624.7      1.01363   -0.0177022   -0.0016618   0.00399582 -0.000718707            0
     -0.609     -0.522          8     8.28716     3610.37      1.02417    -0.031981   0.00170464   0.00511217  -0.00101885            0
     -0.522     -0.435          8      8.3582     3614.14     0.992532   -0.0072617  3.54695e-05    0.0030242 -0.000663329            0
     -0.435     -0.348          8     8.48588     3638.61     0.974341    0.0121545  -0.00371134   0.00154009 -0.000296191            0
     -0.348     -0.261          8     8.42109     3614.63     0.922218    0.0581571   -0.0100472  -0.00173521  0.000471969            0
     -0.261     -0.174          8     8.60533     3609.19     0.967992   0.00467326   0.00176272   0.00284731 -0.000978524            0
     -0.174     -0.087          8     8.88831     3599.91     0.917177    0.0620199  -0.00977119  -0.00214086  0.000504228            0
     -0.087          0          8     8.59727      3629.8      0.95055    0.0262122  -0.00338657  0.000953217 -0.000320316            0
          0      0.087          8     8.43345     3627.53     0.954983    0.0161248  9.25307e-05   0.00208113  -0.00080741            0
      0.087      0.174          8     8.49331     3628.13     0.941249    0.0291582  -0.00243929  0.000867215 -0.000408201            0
      0.174      0.261          8     8.52387     3637.75      1.01119   -0.0455703     0.010951   0.00683093  -0.00195947            0
      0.261      0.348          8     8.49641     3630.57     0.945525    0.0394059  -0.00813162 -0.000586722  0.000284749            0
      0.348      0.435          8     8.33822     3646.73     0.914366    0.0574198  -0.00817404  -0.00163502   0.00032006            0
      0.435      0.522          8     8.53715     3620.37     0.979591  -0.00425095   0.00190363   0.00295106 -0.000805348            0
      0.522      0.609          8     8.48269      3640.6     0.965814    0.0226538  -0.00563625  0.000822448 -9.22155e-05            0
      0.609      0.696          8     8.33745     3661.78     0.964563     0.019323  -0.00308858    0.0012033 -0.000368111            0
      0.696      0.783          8     8.86029     3117.24      1.03319   -0.0422932   0.00489281   0.00634305  -0.00153691            0
      0.783      0.879          8     8.02859        3140      1.04352   -0.0409976   0.00267748   0.00653269  -0.00150316            0
      0.879      0.957          8     8.36161     3075.77      1.14807    -0.144708    0.0199242    0.0149177  -0.00360352            0
      0.957      1.044          8     8.05004     2599.42      1.05105   -0.0362401   0.00158231   0.00698815  -0.00173634            0
      1.044      1.131          8     8.25339     2218.69      1.13815    -0.122837    0.0164222    0.0160511  -0.00421894            0
      1.131      1.218          8     7.62443     2067.44      1.02602   0.00904483  -0.00647664   0.00306053  -0.00081878            0
      1.218      1.305          8     7.83344      2179.2       1.1017   -0.0684047   0.00762213     0.010325   -0.0028823            0
      1.305      1.392          8     7.85413     2016.14      1.04485  -0.00556186  -0.00530554   0.00309907 -0.000688802            0
      1.392      1.479          8     7.88137     1546.64      1.15723    -0.146628    0.0189279     0.020659  -0.00550827            0
      1.479      1.566          8     8.18953     1677.84       1.0273  -0.00232526  -0.00441821   0.00402265  -0.00109824            0
      1.566      1.653          8     7.88716     1076.99       1.0132    0.0210592   -0.0109984   0.00273884 -0.000620128            0
      1.653       1.74          8     8.23202     1044.87      1.03263   -0.0115623 -0.000496857   0.00631026  -0.00188154            0
       1.74       1.83          8     8.04773      1046.3      0.99674   0.00565658    0.0067948   0.00482152  -0.00246159            0
       1.83       1.93          8     7.90669     1023.64      1.12435   -0.0975223    0.0128683     0.015784  -0.00445063            0
       1.93      2.043          8     8.16573     1035.18      1.00894    0.0125487   0.00093815    0.0032169  -0.00170816            0
      2.043      2.172          8     8.08694     771.954      1.13783    -0.142133    0.0254848    0.0251383  -0.00788913            0
      2.172      2.322          8     7.62004     776.733      1.85516     -1.85876      1.49186    -0.509227    0.0624411            0
      2.322        2.5          8     7.46304      562.46      2.23414     -2.64362      2.10749    -0.725183    0.0907324            0
        2.5       2.65          8      7.4204     554.697      1.49083    -0.488589    0.0616649     0.074274   -0.0203259            0
       2.65      2.853          8     7.25542     393.168      1.36375    -0.345217    0.0437984    0.0623801     -0.01804            0
      2.853      2.964          8     6.88102     292.771      1.45694    -0.405996     0.056041    0.0831973   -0.0261375            0
      2.964      3.139          8     7.26628     317.674      1.31314     -0.17038   0.00359067    0.0279782  -0.00991447            0
      3.139      3.314          8        6.87     293.079      1.16772    0.0597231   -0.0735215   -0.0224828    0.0121662            0
      3.314      3.489          8     7.55086     218.425       1.1103   -0.0193042   -0.0185671   0.00722084  -0.00362169            0
      3.489      3.664          8     7.84247     211.046      1.09384     -0.05027   -0.0160389    0.0132169  -0.00448504            0
      3.664      3.839          8     8.04224     170.593      1.06643   -0.0818806  -0.00707952     0.024795  -0.00885656            0
      3.839      4.013          8      8.2051     132.286      1.00405   -0.0925014     0.012771    0.0402819   -0.0170195            0
      4.013      4.191          8     8.10957     101.753      1.03622    -0.129112    0.0162041    0.0563978   -0.0241762            0
      4.191      4.363          8     7.61257     136.609      1.15111    -0.242723    0.0163115    0.0718638   -0.0231247            0
      4.363      4.538          8     7.47068     85.6899      1.14468    -0.227176    0.0246003    0.0844664   -0.0306286            0
      4.538      4.716          8     6.65882      54.017     0.978346     0.203085   -0.0198691   -0.0326409  -0.00425263            0
      4.716      4.889          8     5.84738     50.4607      1.30779   -0.0227833   0.00396643    0.0625124   -0.0380668            0
      4.889      5.191          8     4.35731     28.8946      2.68352     -1.85474   -0.0890719     0.790018     -0.15937            0
