     -5.191     -4.889          8     5.58148     12.1154      1.77265     0.134917    -0.575058    -0.374093     0.476093            0
     -4.889     -4.716          8     6.52449     19.3387     0.702332     0.716405     0.407245   -0.0124751    -0.388963            0
     -4.716     -4.538          8     7.67578     42.2057     0.900902     0.294182    0.0325845   -0.0381398   -0.0366623            0
     -4.538     -4.363          8     8.45432     57.0799     0.940589     0.169704   -0.0362113   -0.0343308   0.00283274            0
     -4.363     -4.191          8     9.33622     75.4642     0.852383      0.16576   -0.0170525    -0.023349  0.000249855            0
     -4.191     -4.013          8     9.37361     72.0694     0.856881     0.152023   -0.0235276   -0.0230354   0.00295908            0
     -4.013     -3.839          8     9.60377     98.9519     0.809396     0.180048 -0.000534951   -0.0207374  -0.00854982            0
     -3.839     -3.664          8     9.26793     127.092     0.796538     0.261364   -0.0320596   -0.0506689   0.00596672            0
     -3.664     -3.489          8     8.92962     125.712     0.997204     0.114345   -0.0494377   -0.0244353   0.00683681            0
     -3.489     -3.314          8     8.44507     163.409      1.09557     0.102197   -0.0601774   -0.0246854   0.00837947            0
     -3.314     -3.139          8     8.07682     187.278      1.20077    0.0623284    -0.078662   -0.0242521     0.011473            0
     -3.139     -2.964          8     7.80579     224.339      1.20381     0.127456    -0.085414   -0.0360368    0.0146203            0
     -2.964     -2.853          8     7.80677     196.643      1.47865    -0.414404     0.044751     0.103781   -0.0314578            0
     -2.853      -2.65          8     8.20317     293.816      1.63752    -0.681873    0.0866006     0.138305   -0.0412588            0
      -2.65       -2.5          8     8.46512     392.967      1.51256    -0.557455    0.0745064      0.10151   -0.0295219            0
       -2.5     -2.322          8     8.76603     397.953       1.3701    -0.407471    0.0545759     0.077122   -0.0226131            0
     -2.322     -2.172          8     8.89771     409.688      1.17064    -0.196347    0.0295616    0.0440775   -0.0136063            0
     -2.172     -2.043          8     9.10819     554.369      1.06844   -0.0719219    0.0136126    0.0206934  -0.00692692            0
     -2.043      -1.93          8     9.12284     576.445     0.976418    0.0554386   -0.0102227  0.000477771 -0.000762742            0
      -1.93      -1.83          8      9.0582     753.342     0.960593    0.0892085   -0.0169748   -0.0048506  0.000859634            0
      -1.83      -1.74          8     9.03785     771.004     0.943552      0.11495   -0.0225599   -0.0097043   0.00254036            0
      -1.74     -1.653          8     9.09589     775.917      1.10436   -0.0846746   0.00871422    0.0191261  -0.00556185            0
     -1.653     -1.566          8     9.08022     997.107      1.10856    -0.065704  -0.00279321     0.012847  -0.00278247            0
     -1.566     -1.479          8     8.95249     1025.97      1.17985    -0.146154   0.00979197    0.0235932  -0.00588456            0
     -1.479     -1.392          8     8.95245     1008.13      1.17622    -0.135608   0.00458988    0.0222614  -0.00508185            0
     -1.392     -1.305          8     8.82475     1041.35      1.12973   -0.0651047  -0.00622863    0.0120468  -0.00242621            0
     -1.305     -1.218          8     8.80368     1547.01      1.10038   -0.0545583   8.5293e-05    0.0114197  -0.00292587            0
     -1.218     -1.131          8     9.08372     1503.23      1.07066   -0.0301416  -0.00151885   0.00873284  -0.00238695            0
     -1.131     -1.044          8     8.99692     1561.13      1.07304    -0.037556  -0.00359007    0.0093022  -0.00211119            0
     -1.044     -0.957          8     9.02412     1639.38      1.05435    -0.036794  -0.00110294   0.00912706  -0.00219801            0
     -0.957     -0.879          8     9.25595      2143.3      1.02701   -0.0141596  -0.00562659   0.00571172  -0.00111442            0
     -0.879     -0.783          8     9.24479     2112.66       1.0157   -0.0150415  -0.00352542   0.00591901  -0.00127442            0
     -0.783     -0.696          8     9.34062     2208.59      1.04179   -0.0544011   0.00465473   0.00972735  -0.00233384            0
     -0.696     -0.609          8     9.40699     2630.41      1.03764   -0.0470925   0.00303515   0.00791021  -0.00174771            0
     -0.609     -0.522          8      9.4231     2649.56      1.00206  -0.00794065  -0.00313213   0.00414359 -0.000791315            0
     -0.522     -0.435          8     9.54457     2867.71     0.990427  -0.00540678 -0.000769644   0.00373213 -0.000860719            0
     -0.435     -0.348          8     9.64954     3066.55      0.95236      0.03524  -0.00810072  0.000187849  6.55523e-05            0
     -0.348     -0.261          8     9.50944     3036.17     0.980464  -0.00150514  -0.00035232   0.00408107  -0.00109225            0
     -0.261     -0.174          8     9.62926     3040.47     0.934741     0.045647    -0.007811 -0.000547059  0.000141512            0
     -0.174     -0.087          8     9.63052     3022.59     0.907343    0.0656963  -0.00882802  -0.00189641  0.000269984            0
     -0.087          0          8     9.58243     3042.57     0.966365    0.0072096  0.000167048   0.00333428  -0.00102559            0
          0      0.087          8     9.62723      3050.6     0.951573      0.02008  -0.00219855   0.00235634 -0.000751567            0
      0.087      0.174          8     9.53342     3046.37     0.967489   0.00633847 -0.000574456   0.00355213  -0.00101396            0
      0.174      0.261          8     9.56372      3048.1     0.951077    0.0278309  -0.00546115   0.00115033 -0.000246344            0
      0.261      0.348          8     9.60412     3064.83     0.942907    0.0444136  -0.00979052 -0.000517226  0.000274469            0
      0.348      0.435          8     9.55314     3015.27      0.98854  -0.00392389  -0.00125331   0.00338278  -0.00074181            0
      0.435      0.522          8     9.48727     2631.62        1.001   -0.0132328 -0.000765715    0.0045534 -0.000981667            0
      0.522      0.609          8     9.32886     2606.47      1.00155  -0.00776922  -0.00244859    0.0040275 -0.000836333            0
      0.609      0.696          8     9.44396     2731.78      1.04399   -0.0481274   0.00194832   0.00823596  -0.00176512            0
      0.696      0.783          8     9.34654      2177.5      1.02189   -0.0244905  -0.00242179   0.00666717  -0.00138742            0
      0.783      0.879          8     9.34812     2191.58      1.02028   -0.0237135 -0.000864074    0.0070094  -0.00163914            0
      0.879      0.957          8     9.12524     2158.19      1.07075    -0.068087   0.00703167    0.0118573  -0.00312268            0
      0.957      1.044          8     9.13782      1616.4       1.0744   -0.0590279   0.00204644    0.0119006  -0.00293401            0
      1.044      1.131          8     8.99136     1613.14      1.04399   -0.0133249  -0.00478906   0.00683162  -0.00174132            0
      1.131      1.218          8     8.98448     1345.79      1.04719    0.0107582   -0.0117582   0.00340447 -0.000647796            0
      1.218      1.305          8     8.90643      1073.9      1.08013   -0.0223609  -0.00739431    0.0085068  -0.00208361            0
      1.305      1.392          8     8.92373     1056.61      1.08026  -0.00876126   -0.0161941   0.00571799  -0.00073327            0
      1.392      1.479          8     8.82334     1037.98       1.1597   -0.0992731  -0.00483538    0.0163839  -0.00298233            0
      1.479      1.566          8     9.01696     1026.48      1.09141   -0.0427713  -0.00711159   0.00998537  -0.00208047            0
      1.566      1.653          8     9.06871     1068.91      1.16323    -0.126845   0.00675715    0.0216488  -0.00533292            0
      1.653       1.74          8     8.96698     789.828      1.12592   -0.0864773  0.000634191    0.0187382  -0.00449839            0
       1.74       1.83          8     9.05514     734.065      1.01216    0.0272886  -0.00706189   0.00401167     -0.00163            0
       1.83       1.93          8     8.95365     684.301      1.07824   -0.0338954  0.000195313    0.0104909  -0.00314187            0
       1.93      2.043          8     8.94834     576.053      1.03806   -0.0105952   0.00139854     0.010225  -0.00380675            0
      2.043      2.172          8     9.10878     567.193      1.06839   -0.0603459   0.00825547    0.0189698  -0.00615657            0
      2.172      2.322          8     8.90419     558.609      1.15888    -0.165947     0.024867    0.0332756   -0.0101384            0
      2.322        2.5          8     8.59935     408.551      1.39825    -0.432264    0.0567346    0.0804781    -0.023293            0
        2.5       2.65          8     8.44487     362.028      1.52482    -0.556624     0.072741     0.101333   -0.0295567            0
       2.65      2.853          8     8.30337     378.742      1.43308    -0.404008     0.043841    0.0756032   -0.0213304            0
      2.853      2.964          8      8.0376     259.236      1.25318    -0.107806   0.00795504    0.0280339  -0.00976072            0
      2.964      3.139          8     7.81053      216.84      1.32055   -0.0985005   -0.0219901     0.019983  -0.00843701            0
      3.139      3.314          8     8.10994     194.767      1.25709   -0.0233959   -0.0651536  0.000730719   0.00226231            0
      3.314      3.489          8     8.45124     152.594     0.829136     0.555927    -0.178928    -0.153397    0.0629987            0
      3.489      3.664          8     8.98195     125.526     0.953335     0.138313   -0.0334371   -0.0230176    0.0018878            0
      3.664      3.839          8     9.44626     106.131     0.909072     0.131978   -0.0361281   -0.0233441   0.00510703            0
      3.839      4.013          8      9.4379     81.9558      0.84417     0.162963   -0.0169173   -0.0229509 -0.000553974            0
      4.013      4.191          8     9.40229     79.2565     0.871112     0.142549   -0.0307846   -0.0239922   0.00526804            0
      4.191      4.363          8     9.25172     65.8467     0.841497     0.183136    -0.012705   -0.0273502  -0.00391405            0
      4.363      4.538          8      8.4742     62.4341     0.928349     0.178917   -0.0304555   -0.0341755 -0.000269074            0
      4.538      4.716          8     7.63747     37.8423     0.915872     0.298814    0.0305188   -0.0446705   -0.0441271            0
      4.716      4.889          8      6.6109     25.0046       1.0788     0.261278   -0.0372083   -0.0294509    0.0834204            0
      4.889      5.191          8     5.31348      16.889      4.55746     -4.75956    -0.651282      2.88247    -0.629598            0
