     -5.191     -4.889          8     5.78348     23.7473      1.55642     -1.62142    0.0666632     0.955125    -0.259907            0
     -4.889     -4.716          8     4.77398     34.5847      1.35285     -1.38671     0.370937     0.777435    -0.392682            0
     -4.716     -4.538          8     5.44381     69.5357      1.33262     -1.15739     0.164203     0.387975    -0.127765            0
     -4.538     -4.363          8     5.78951     86.8094      1.30905     -1.10932     0.127207     0.300258   -0.0819317            0
     -4.363     -4.191          8     6.05588      77.114      1.27204     -1.17032      0.16634     0.331582   -0.0985812            0
     -4.191     -4.013          8     7.06787     96.6967      1.14999     -1.08346     0.189076     0.326105    -0.107909            0
     -4.013     -3.839          8      6.6455       143.2      1.20604     -1.15414     0.217959      0.30587    -0.098908            0
     -3.839     -3.664          8     6.42875     178.985      1.28536     -1.24402     0.245929     0.297317   -0.0948727            0
     -3.664     -3.489          8     6.84357     195.623       1.0931    -0.980282     0.227728     0.230167   -0.0762428            0
     -3.489     -3.314          8     6.55291     210.082      1.03886    -0.836753     0.187923     0.198412   -0.0621636            0
     -3.314     -3.139          8     5.96677     277.636     0.869977    -0.508516      0.13522     0.112087     -0.03582            0
     -3.139     -2.964          8     5.28671     260.786      1.75458     -2.85633      2.51656    -0.874556     0.108856            0
     -2.964     -2.853          8     4.53156     338.137      1.80494     -2.56559      2.10663    -0.673011    0.0762333            0
     -2.853      -2.65          8     4.34886     507.427      1.68977     -2.00768      1.39697    -0.365156    0.0319945            0
      -2.65       -2.5          8     4.25519     395.844      1.50912     -1.43708     0.905714    -0.199457    0.0119464            0
       -2.5     -2.322          8     4.11631     514.024      1.45623     -1.26053     0.802993    -0.184674    0.0129285            0
     -2.322     -2.172          8     3.90431     677.797      1.38296    -0.863702     0.454267   -0.0725505  0.000629923            0
     -2.172     -2.043          8     3.87464     733.799      1.23939    -0.360177    0.0591708    0.0468642   -0.0121352            0
     -2.043      -1.93          8     3.65268     915.362      1.27668    -0.268842    0.0245224    0.0291523  -0.00593875            0
      -1.93      -1.83          8     3.30606     841.675      1.23596    -0.111777   -0.0150349   0.00827044  0.000189449            0
      -1.83      -1.74          8     3.40309     906.466      1.10456     0.403249    -0.454413     0.152376   -0.0164086            0
      -1.74     -1.653          8     3.62099     945.346      1.09848     0.395589    -0.396139     0.117191   -0.0109898            0
     -1.653     -1.566          8     3.50311     982.268     0.893294     0.817785    -0.657357     0.172901   -0.0136042            0
     -1.566     -1.479          8     3.64464     1368.34     0.990584     0.598631    -0.514351     0.146708   -0.0137667            0
     -1.479     -1.392          8     3.46527     1323.75      1.13784      0.13757   -0.0672214   -0.0179065   0.00701485            0
     -1.392     -1.305          8     3.38591     1427.46      1.26122   -0.0477061   -0.0228826    0.0012675   0.00103439            0
     -1.305     -1.218          8     3.49562     1874.86      1.23901    -0.071544  -0.00989871   0.00471954 -0.000280372            0
     -1.218     -1.131          8      3.6863     1799.02      1.17258   -0.0211783   -0.0193711   0.00110011  0.000930014            0
     -1.131     -1.044          8     3.72895     2203.37      1.15418   -0.0545821  -0.00592415   0.00427137 -0.000379871            0
     -1.044     -0.957          8     3.75925      2320.2      1.10281   -0.0326608   -0.0077447   0.00303543 -4.96141e-05            0
     -0.957     -0.879          8     3.73171     2624.02      1.05912   -0.0294269 -0.000855762   0.00311452  -0.00048016            0
     -0.879     -0.783          8     3.84173      2808.9      1.19636    -0.307071     0.175831   -0.0430214   0.00383314            0
     -0.783     -0.696          8     3.92377     2806.93      1.14701    -0.269249     0.165665    -0.043066   0.00408558            0
     -0.696     -0.609          8     4.07445     3237.82      1.15946    -0.320309     0.197893     -0.04973   0.00445384            0
     -0.609     -0.522          8     3.87834     3255.96      1.12992    -0.306174     0.208752   -0.0576901   0.00572173            0
     -0.522     -0.435          8     3.93174     3272.85       1.0707    -0.326688     0.291924   -0.0971961      0.01109            0
     -0.435     -0.348          8     4.05274     3309.79     0.970976     -0.11327     0.131824   -0.0483133   0.00587093            0
     -0.348     -0.261          8     4.19716     3288.15     0.920776     0.035931  -0.00356817 -0.000321548  5.72426e-05            0
     -0.261     -0.174          8     4.32805     3287.39      1.09967    -0.350018     0.275842   -0.0835297   0.00879442            0
     -0.174     -0.087          8     4.23958     3281.06     0.937515    0.0107074   0.00243597    0.0017001 -0.000552269            0
     -0.087          0          8     4.59056     3302.25     0.919974    0.0147227   0.00393963   0.00195698 -0.000713406            0
          0      0.087          8     4.35469     3305.91      1.13422    -0.484891     0.388782    -0.119106    0.0126313            0
      0.087      0.174          8     3.97668     3309.33      1.13584    -0.473883      0.37528    -0.114713    0.0122426            0
      0.174      0.261          8     4.13887     3318.74      1.12141    -0.325269     0.223664   -0.0610465   0.00591519            0
      0.261      0.348          8     3.96138     3303.31      1.04436     -0.21625     0.167955   -0.0492215   0.00511607            0
      0.348      0.435          8     4.00488     3316.64      1.08369    -0.266795     0.201719   -0.0601446   0.00634189            0
      0.435      0.522          8     4.02353     3272.61      1.03531   -0.0735248    0.0149182   0.00745384  -0.00188126            0
      0.522      0.609          8     4.17519     3263.56     0.911484     0.172092    -0.129681     0.039737  -0.00417549            0
      0.609      0.696          8     4.06434     3247.17       1.0294   -0.0344331   0.00307245    0.0040763 -0.000815282            0
      0.696      0.783          8     4.81023     2797.65      0.80148     0.418926    -0.312065    0.0961519   -0.0104384            0
      0.783      0.879          8     3.91908     2780.58      1.15721     -0.28571     0.199729   -0.0598618   0.00644765            0
      0.879      0.957          8     3.76004      2721.3      1.10792   -0.0870509    0.0103396   0.00767955  -0.00170426            0
      0.957      1.044          8     3.65768     2338.27      1.14898   -0.0918044        0.006   0.00803134   -0.0015456            0
      1.044      1.131          8     3.95563     1939.35      1.20516    -0.111622   0.00452974    0.0101492  -0.00199041            0
      1.131      1.218          8     3.60431     1774.86      1.20736   -0.0809264  -0.00389668   0.00662938  -0.00087569            0
      1.218      1.305          8     3.55104     1930.16      1.31652    -0.250862     0.134544   -0.0435357   0.00537779            0
      1.305      1.392          8     3.45535     1802.03      1.18347     0.044292    -0.042869  -0.00703643   0.00353759            0
      1.392      1.479          8     3.40021     1371.58      1.11463      0.37633    -0.359119     0.103086  -0.00944607            0
      1.479      1.566          8     3.58826     1491.06     0.974507     0.678909    -0.583175     0.168451   -0.0161771            0
      1.566      1.653          8     3.56992     965.313       0.9036     0.697885     -0.49082    0.0991173  -0.00329133            0
      1.653       1.74          8     3.50323     922.858     0.962468     0.773786    -0.694123     0.207707   -0.0202158            0
       1.74       1.83          8     3.58801     938.765     0.912012     0.740373    -0.647422     0.193793   -0.0187881            0
       1.83       1.93          8     4.38085     948.951     0.825846     0.866293    -0.830001      0.29423   -0.0357309            0
       1.93      2.043          8     3.73274       935.6      1.06212     0.265277    -0.424088     0.185497   -0.0253328            0
      2.043      2.172          8     3.92172      697.47      1.29132    -0.423303    0.0728573    0.0547683   -0.0146993            0
      2.172      2.322          8     4.13707     518.947      1.30684    -0.557328     0.107294    0.0822716   -0.0234026            0
      2.322        2.5          8     4.02987     512.025      1.44161     -1.16523     0.705751    -0.148193   0.00819027            0
        2.5       2.65          8     4.13655      514.18      1.72769     -1.87422      1.23009    -0.304521    0.0245881            0
       2.65      2.853          8     4.46181     371.584      1.63945     -1.86676      1.26554    -0.312392    0.0241177            0
      2.853      2.964          8     4.47381      254.15      1.76734     -2.36138       1.8229     -0.52656    0.0517005            0
      2.964      3.139          8     5.64989     280.471     0.887177     -0.44523     0.140473     0.110126   -0.0368794            0
      3.139      3.314          8     5.87675      295.48     0.935119     -0.58899     0.141274     0.126727   -0.0384308            0
      3.314      3.489          8     6.50939     212.915     0.963504    -0.759553     0.192111      0.18421   -0.0614358            0
      3.489      3.664          8      6.5802     216.114      1.02302    -0.829297      0.17195     0.192105   -0.0577556            0
      3.664      3.839          8     6.64225     168.093      1.10534    -0.978754     0.195679     0.237774   -0.0745426            0
      3.839      4.013          8     6.68113     167.334      1.11552    -0.970357     0.173947     0.233109    -0.067912            0
      4.013      4.191          8     6.38864     98.4295      1.20528     -1.09805     0.167252      0.31026   -0.0947085            0
      4.191      4.363          8     6.21712     132.604      1.17399     -1.02173       0.1628     0.266168   -0.0782048            0
      4.363      4.538          8     5.55941     88.9872      1.29608     -1.15315     0.162767     0.320962    -0.094151            0
      4.538      4.716          8     5.30604     47.9549      1.38716     -1.30278     0.170394     0.499235    -0.170312            0
      4.716      4.889          8     4.71897     39.1852      1.44764     -1.46123     0.297015     0.667711    -0.270749            0
      4.889      5.191          8     4.61952     27.6696      1.52188      -1.5048     0.158324     0.795914    -0.294591            0
