     -5.191     -4.889          8      3.9845     23.7473      1.39248      -1.2101    0.0033639     0.611186   -0.0878385            0
     -4.889     -4.716          8     4.51066     30.7491      1.13238     -1.00691     0.231929     0.576731     -0.25818            0
     -4.716     -4.538          8     5.01651      49.828      1.11554    -0.895499     0.123994     0.335007    -0.112436            0
     -4.538     -4.363          8     5.28926     86.8094      1.06438    -0.815414    0.0987415      0.22147   -0.0563782            0
     -4.363     -4.191          8     5.69606      77.114      1.02423     -0.85646     0.118141     0.241597   -0.0631508            0
     -4.191     -4.013          8     6.89625     96.6967     0.889909    -0.780603     0.163023     0.248424   -0.0843337            0
     -4.013     -3.839          8     6.62842       143.2     0.969728    -0.892203     0.193593     0.248572   -0.0821614            0
     -3.839     -3.664          8     6.41884     178.985      1.05135    -0.977997     0.215675     0.244162   -0.0795635            0
     -3.664     -3.489          8     6.82562     195.623     0.839588    -0.695852     0.194741     0.177111   -0.0613417            0
     -3.489     -3.314          8     6.46162     210.082     0.797317    -0.560086     0.150912      0.14555    -0.046036            0
     -3.314     -3.139          8      5.6087     277.636     0.734245    -0.380581     0.123301    0.0925792   -0.0304323            0
     -3.139     -2.964          8     5.17821     260.786      1.44176     -2.28797      2.10287     -0.73214     0.089453            0
     -2.964     -2.853          8      4.2503     352.492      1.46853     -1.88888      1.57128    -0.481199    0.0505822            0
     -2.853      -2.65          8     4.04246     507.427      1.40264     -1.44671     0.976084     -0.22349    0.0141356            0
      -2.65       -2.5          8     4.15705     396.226      1.11935    -0.547149     0.129979    0.0976728   -0.0296935            0
       -2.5     -2.322          8     3.75905     516.544      1.14772     -0.52299      0.13119    0.0821972   -0.0255475            0
     -2.322     -2.172          8     3.65411     677.797      1.13481    -0.379217    0.0859548    0.0539264   -0.0156576            0
     -2.172     -2.043          8     3.49417     733.765       1.0809   -0.0279746    -0.205961      0.13973   -0.0240676            0
     -2.043      -1.93          8     3.37606     915.362     0.975915     0.496131    -0.662774       0.2872   -0.0403231            0
      -1.93      -1.83          8     3.14381     841.675     0.936602     0.542745    -0.550467     0.197769   -0.0241361            0
      -1.83      -1.74          8     3.19259     906.523     0.866635       1.0647     -1.06981     0.386141   -0.0476434            0
      -1.74     -1.653          8     3.40779     945.429      1.01045     0.701911     -0.72839     0.257428   -0.0312372            0
     -1.653     -1.566          8      3.1495     983.033     0.766057      1.32155     -1.19799     0.394495   -0.0446353            0
     -1.566     -1.479          8     3.34379     1368.34     0.741838      1.25234      -1.0797     0.345856   -0.0384357            0
     -1.479     -1.392          8     2.96764     1323.71       1.0864     0.452325    -0.444029      0.14257   -0.0156717            0
     -1.392     -1.305          8     3.02175     1439.45      1.10793     0.353044    -0.360168      0.11665   -0.0129157            0
     -1.305     -1.218          8     3.08238     1874.86      1.13345      0.22292    -0.266186    0.0938845   -0.0111328            0
     -1.218     -1.131          8     3.46552     1799.02     0.928647     0.561943     -0.50034     0.165607   -0.0190319            0
     -1.131     -1.044          8     3.34054     2203.37      1.03429     0.280843    -0.308872     0.112767   -0.0137676            0
     -1.044     -0.957          8     3.41998      2320.2      0.91041     0.400771    -0.349278     0.115355   -0.0131873            0
     -0.957     -0.879          8     3.47724     2624.02      0.85998     0.405868    -0.323567     0.102173   -0.0113019            0
     -0.879     -0.783          8     3.30094      2808.9     0.984927     0.159449    -0.177286     0.067788  -0.00851104            0
     -0.783     -0.696          8     3.59933     2805.29      0.94001     0.180499    -0.174613    0.0643309  -0.00798307            0
     -0.696     -0.609          8     3.62515     3237.82     0.963481     0.104264    -0.117902    0.0479015   -0.0062788            0
     -0.609     -0.522          8     3.58295     3242.98     0.920273     0.194375    -0.185217    0.0685128  -0.00847589            0
     -0.522     -0.435          8     3.61175      3269.2     0.797959     0.260538    -0.142354    0.0360918  -0.00342318            0
     -0.435     -0.348          8     3.77179     3310.47     0.679824     0.440921    -0.243115    0.0594191  -0.00530042            0
     -0.348     -0.261          8     3.81605     3288.02     0.761705     0.415068    -0.297765    0.0921972   -0.0101518            0
     -0.261     -0.174          8     3.88741      3287.2     0.943215   0.00485046   0.00362969   0.00245078 -0.000812768            0
     -0.174     -0.087          8     3.95812     3281.28      0.76342     0.341498    -0.218136    0.0637828  -0.00683765            0
     -0.087          0          8     4.30707     3301.98     0.770685     0.289374    -0.175504    0.0517726  -0.00571928            0
          0      0.087          8     4.04029     3305.61      0.92919  -0.00355167   0.00948502   0.00337864  -0.00131133            0
      0.087      0.174          8     3.63443      3310.2     0.922105   0.00984757   0.00501436   0.00219843 -0.000840154            0
      0.174      0.261          8     3.75207     3319.42     0.950859   0.00013109   0.00275317   0.00275159 -0.000743854            0
      0.261      0.348          8     3.62393     3303.74     0.831842     0.255858    -0.189834    0.0629092  -0.00733364            0
      0.348      0.435          8     3.74665     3316.54     0.771855     0.377287     -0.25952    0.0779206   -0.0083945            0
      0.435      0.522          8     3.87186     3274.03     0.853251     0.276761    -0.222402    0.0754813  -0.00890855            0
      0.522      0.609          8     3.81404     3263.57     0.634996     0.693771    -0.480507     0.140112   -0.0145467            0
      0.609      0.696          8     3.67087     3247.17     0.807426       0.3953    -0.292676    0.0903865  -0.00988236            0
      0.696      0.783          8     4.32075     2797.65     0.659122     0.745546    -0.568514     0.179147   -0.0199188            0
      0.783      0.879          8     3.56209     2780.58     0.967318     0.164349    -0.157368    0.0561628  -0.00683142            0
      0.879      0.957          8     3.46654      2721.3     0.881342     0.395148    -0.339951     0.113231   -0.0130127            0
      0.957      1.044          8     3.35619     2338.27     0.950794     0.293422    -0.264513    0.0892701   -0.0103832            0
      1.044      1.131          8     3.41038     1940.45      1.10687     0.115195    -0.180349    0.0727751  -0.00949206            0
      1.131      1.218          8     3.19288     1774.86     0.987259     0.417428    -0.393277     0.133249   -0.0155125            0
      1.218      1.305          8     3.25128     1930.16      1.13172     0.202325     -0.24271    0.0853243   -0.0101343            0
      1.305      1.392          8     3.23487     1802.03     0.879434     0.789042    -0.665506     0.206884   -0.0223506            0
      1.392      1.479          8     3.01826     1371.58     0.945415     0.852561    -0.793647     0.262693   -0.0298806            0
      1.479      1.566          8     3.21975     1491.06     0.921413      1.02286    -0.986637     0.335204   -0.0390008            0
      1.566      1.653          8     3.23162     965.564     0.690945      1.24148    -0.973544     0.276834   -0.0264572            0
      1.653       1.74          8     3.20707     922.858     0.738208      1.40677     -1.28867     0.434074   -0.0503687            0
       1.74       1.83          8     3.53324     938.765     0.525123      1.69701     -1.46688     0.486397   -0.0559848            0
       1.83       1.93          8     3.77195     948.951     0.816037      1.00114     -1.01672      0.38048   -0.0486898            0
       1.93      2.043          8     3.32515       935.6     0.880716     0.742782    -0.859225     0.349554   -0.0471896            0
      2.043      2.172          8     3.58243     697.976        1.164    -0.274636    0.0448423    0.0371689  -0.00951122            0
      2.172      2.322          8     3.86335      519.45      1.13453    -0.357567    0.0728726    0.0559142   -0.0158113            0
      2.322        2.5          8     3.90345     511.906      1.08416    -0.407878    0.0980661    0.0665646   -0.0197614            0
        2.5       2.65          8     3.92052     514.926      1.46985     -1.48564      1.01333    -0.250386    0.0193134            0
       2.65      2.853          8      4.0686      371.58      1.43742     -1.54637      1.07033    -0.256426    0.0175534            0
      2.853      2.964          8      4.3223     254.197      1.42659     -1.69744        1.351    -0.381279      0.03478            0
      2.964      3.139          8     5.47902     280.471     0.718918    -0.235281     0.103648    0.0732109    -0.024928            0
      3.139      3.314          8     5.86055      295.48     0.739288    -0.389523     0.121189    0.0956566   -0.0305862            0
      3.314      3.489          8     6.22406     212.915     0.873251    -0.711875     0.207439     0.179681    -0.063511            0
      3.489      3.664          8      6.3952     216.114     0.851211    -0.650453     0.156847     0.159038   -0.0492013            0
      3.664      3.839          8     6.60147     168.093     0.889399    -0.732271      0.16688     0.188274    -0.060105            0
      3.839      4.013          8     6.56025     167.334     0.865058    -0.698082     0.149754     0.178849   -0.0537262            0
      4.013      4.191          8     6.55879     99.0852     0.929287    -0.786035     0.136951     0.235809   -0.0713573            0
      4.191      4.363          8     6.03053     132.604     0.940733    -0.758016     0.131399     0.204269   -0.0563502            0
      4.363      4.538          8     5.43339     88.9872      1.02406    -0.841223     0.131891     0.243734   -0.0684084            0
      4.538      4.716          8     4.87406     46.3854      1.14068    -0.959113     0.111129     0.363441    -0.106205            0
      4.716      4.889          8      4.5579     46.3522      1.10556     -0.97115     0.260491     0.451982    -0.193525            0
      4.889      5.191          8     4.38442     27.6696      1.10019     -0.89182     0.231567     0.547772    -0.302647            0
