     -5.191     -4.889          8     4.88218     7.35765     0.402947     0.344852     0.223364    0.0413817    -0.192552            0
     -4.889     -4.716          8     5.20522     19.6319      1.99636     -2.97376     0.787585      2.12048      -1.3008            0
     -4.716     -4.538          8     5.77189     40.5664      1.96593     -2.47275     0.339522      1.08514    -0.412467            0
     -4.538     -4.363          8     6.53907     55.7171      1.81212     -2.19715     0.331506     0.806949     -0.29074            0
     -4.363     -4.191          8     7.17343     73.3217      1.69409     -1.98132     0.285731     0.661007    -0.216765            0
     -4.191     -4.013          8     7.47691     72.3651      1.72515     -2.08091     0.331911     0.690118    -0.236725            0
     -4.013     -3.839          8     7.84871     94.4023       1.5816     -1.86882     0.338632     0.569194    -0.195784            0
     -3.839     -3.664          8     7.74102     123.624      1.46877     -1.66878     0.322831     0.459356    -0.152748            0
     -3.664     -3.489          8     7.38525     123.468      1.45763     -1.62426     0.315209     0.447612    -0.148233            0
     -3.489     -3.314          8     7.16427     161.599      1.26786     -1.31838     0.293329     0.342682    -0.114012            0
     -3.314     -3.139          8     6.73499     200.841      1.12609     -1.03562     0.247891     0.248832   -0.0810532            0
     -3.139     -2.964          8     5.82126     173.996      2.64698     -5.60892      5.31709     -2.05735      0.28997            0
     -2.964     -2.853          8     4.67462     176.329      2.71933     -5.63474      5.41151     -2.11887     0.300004            0
     -2.853      -2.65          8     4.72821     274.166      2.23125     -3.90382      3.34294     -1.15853     0.145593            0
      -2.65       -2.5          8      4.6325     361.348      2.12584     -3.62044      3.12526     -1.09088     0.137615            0
       -2.5     -2.322          8     4.42318     367.912      1.95485     -3.09817      2.70833    -0.961201     0.123637            0
     -2.322     -2.172          8     4.13988      372.21      1.83564     -2.62239        2.303    -0.829208     0.108571            0
     -2.172     -2.043          8     3.94025     518.993      1.54903     -1.51712      1.21935    -0.406908    0.0498843            0
     -2.043      -1.93          8      3.6497     524.526      1.49572    -0.959977     0.604383    -0.160303    0.0158261            0
      -1.93      -1.83          8     3.58867     662.952       1.1447    -0.031344   -0.0313872   0.00108695   0.00300278            0
      -1.83      -1.74          8     3.38229     694.715      1.36935   -0.0472252    -0.234405     0.123073   -0.0178537            0
      -1.74     -1.653          8     3.29311     695.805      1.07244      0.72414      -0.7931     0.277318   -0.0319306            0
     -1.653     -1.566          8     3.33262     899.853     0.745458      1.25839     -1.05787     0.312391   -0.0298223            0
     -1.566     -1.479          8     3.46412     890.885      1.18945     0.664816    -0.860669     0.334571   -0.0429773            0
     -1.479     -1.392          8     3.26257         901      1.14983      0.39388     -0.42737     0.135243   -0.0134678            0
     -1.392     -1.305          8     3.38889     906.542      1.49599    -0.109207      -0.2456     0.142331   -0.0218163            0
     -1.305     -1.218          8     3.44019     934.246      1.33483    -0.344377     0.259538    -0.105183    0.0154492            0
     -1.218     -1.131          8     3.59206     1335.47      1.35259    -0.224766    0.0153793    0.0208771  -0.00418678            0
     -1.131     -1.044          8     3.61327     1383.27      1.45423    -0.645733     0.394195    -0.110014    0.0114906            0
     -1.044     -0.957          8     3.72526     1458.35      1.20268    -0.275189     0.195885   -0.0682669   0.00885417            0
     -0.957     -0.879          8     3.78367     1914.81      1.26404    -0.504899     0.375012    -0.120441     0.013958            0
     -0.879     -0.783          8     3.87383     1886.91      1.03657    -0.265572     0.319786    -0.133045    0.0182357            0
     -0.783     -0.696          8     3.95228     1973.09      1.42332     -1.02653     0.799709    -0.254314    0.0286287            0
     -0.696     -0.609          8      4.0667     2358.31      1.32966    -0.796054     0.606131    -0.187921     0.020626            0
     -0.609     -0.522          8     3.97877     2372.97      1.38053    -0.847495     0.612998    -0.183005    0.0195082            0
     -0.522     -0.435          8      4.0675     2572.46      1.15544    -0.414456     0.313771    -0.095618    0.0103742            0
     -0.435     -0.348          8     4.13791     2796.59      1.06725    -0.272199     0.231912   -0.0759448   0.00868439            0
     -0.348     -0.261          8     4.02563     2763.38      1.13086    -0.340737     0.246186   -0.0722046   0.00762806            0
     -0.261     -0.174          8     4.16262     2769.79      1.00478    -0.261814     0.285117    -0.105709     0.013059            0
     -0.174     -0.087          8     4.20591     2757.92      1.11866    -0.470228     0.399653    -0.129311    0.0145376            0
     -0.087          0          8     4.15431      2775.4      1.17255    -0.506084     0.391497    -0.119752    0.0129235            0
          0      0.087          8     4.07398     2782.06      1.15297     -0.50506     0.410895    -0.130552    0.0145384            0
      0.087      0.174          8     4.18145     2783.34      1.18279    -0.626111     0.521846    -0.168028    0.0188067            0
      0.174      0.261          8     4.13994     2777.51      1.14162    -0.463482     0.371412    -0.116176    0.0127691            0
      0.261      0.348          8     4.13733     2793.94      1.05057    -0.232693     0.197049   -0.0638043   0.00725507            0
      0.348      0.435          8     4.06245     2749.11      1.14674    -0.409987     0.315895   -0.0976679    0.0107107            0
      0.435      0.522          8     4.06435     2381.46      1.08738    -0.296009     0.250606   -0.0835459   0.00980179            0
      0.522      0.609          8     4.07301     2373.84      1.06999    -0.243719      0.21802   -0.0760234   0.00921469            0
      0.609      0.696          8     3.97008     2448.08      1.26941    -0.706717      0.56526    -0.181632    0.0205159            0
      0.696      0.783          8     3.94636     1955.77      1.30283    -0.622549     0.436748    -0.129043    0.0137974            0
      0.783      0.879          8     3.89892     1915.52      1.22595    -0.435545     0.312032   -0.0960074    0.0107511            0
      0.879      0.957          8     3.92935     1942.15      1.30536     -0.59051     0.424613    -0.129842    0.0143112            0
      0.957      1.044          8     3.73294     1423.36      1.18645    -0.272847     0.205737   -0.0736507   0.00969245            0
      1.044      1.131          8     3.58721     1412.09      1.29399    -0.413457     0.294506   -0.0996034    0.0124493            0
      1.131      1.218          8     3.50413     1189.15        1.231   -0.0855435  -0.00876059    0.0068195 -0.000453428            0
      1.218      1.305          8     3.41429     918.663      1.39147    -0.464939     0.345696     -0.13087    0.0181666            0
      1.305      1.392          8     3.35572     915.723      1.44313    -0.222607  -0.00409607    0.0185772   -0.0025269            0
      1.392      1.479          8     3.37677     898.368      1.26745     0.354049    -0.537083     0.212216   -0.0271266            0
      1.479      1.566          8     3.50003     919.412        1.381     0.283712     -0.60516     0.264856   -0.0363681            0
      1.566      1.653          8     3.27514     971.329      1.03097     0.988801      -1.0951     0.400625   -0.0490013            0
      1.653       1.74          8     3.38759     706.631      1.02626     0.980405     -1.10938     0.419384    -0.053119            0
       1.74       1.83          8     3.36693     681.287      1.13483     0.124996   -0.0862359   -0.0224771    0.0114487            0
       1.83       1.93          8     3.51027     671.556      1.33996    -0.260068    0.0115247     0.028194  -0.00502871            0
       1.93      2.043          8     3.61797     500.912      1.38857    -0.784018     0.572189    -0.192892    0.0253887            0
      2.043      2.172          8     3.94267     498.794      1.55927      -1.4184      1.08805    -0.349846    0.0414845            0
      2.172      2.322          8     4.00403     367.693      1.82511     -2.54754      2.24222    -0.814315     0.107793            0
      2.322        2.5          8     4.34134     373.456      2.02206     -3.23581      2.82715     -1.00517      0.12923            0
        2.5       2.65          8     4.64903     289.402      2.13938      -3.7164      3.28548      -1.1827     0.154606            0
       2.65      2.853          8     4.67552     350.555      2.26171     -4.01744      3.46781     -1.20908     0.152147            0
      2.853      2.964          8     4.83269     236.918      2.36744     -4.58488      4.30869     -1.62775     0.222043            0
      2.964      3.139          8     5.86838     178.285      2.74743     -6.02926      5.86122     -2.33299     0.337691            0
      3.139      3.314          8     6.73857     193.314      1.11998     -1.01816     0.237216     0.244311   -0.0783572            0
      3.314      3.489          8     7.18315      151.05            0            0            0            0            0            0
      3.489      3.664          8      7.5114     125.538      1.47982      -1.6834     0.334558      0.46821     -0.15707            0
      3.664      3.839          8      7.7925     101.639      1.55514     -1.79382     0.305305     0.535471    -0.176107            0
      3.839      4.013          8     7.77742     79.5056      1.51196     -1.94119     0.474053      0.69635    -0.306836            0
      4.013      4.191          8     7.48731     77.1252      1.67001     -1.94925     0.284676     0.632234    -0.207384            0
      4.191      4.363          8     7.29814     63.8069      1.73167     -2.08371     0.306752     0.756051     -0.26649            0
      4.363      4.538          8     6.64331     60.1494      1.73912     -2.06413     0.302273     0.759786    -0.273418            0
      4.538      4.716          8     5.82021     42.5074      1.93817      -2.4042     0.321849      1.04257    -0.393425            0
      4.716      4.889          8     5.26974     25.1427      2.44321     -4.03697      1.02655      2.69326     -1.45328            0
      4.889      5.191          8     4.71899     11.7368     0.542277     0.338979     0.126073   -0.0555544    -0.194098            0
