     -5.191     -4.889          8     4.44612     13.2786     0.367225     0.403993     0.237539   -0.0181531    -0.277658            0
     -4.889     -4.716          8     4.49769     19.5257     0.835983    -0.084152    -0.238517   -0.0467159      0.19111            0
     -4.716     -4.538          8     5.57309     40.3548     0.916307    -0.554136    0.0323551     0.238296   -0.0759744            0
     -4.538     -4.363          8     6.03505     55.2975      0.84223     -0.52853     0.054966     0.194385   -0.0607105            0
     -4.363     -4.191          8     6.56861     73.3217     0.780877    -0.514663    0.0821756     0.183928   -0.0586773            0
     -4.191     -4.013          8     6.85854     72.6506     0.786471     -0.53113    0.0713181     0.181907   -0.0505411            0
     -4.013     -3.839          8     7.18917     94.5448     0.727559    -0.496749      0.10663     0.167266   -0.0574706            0
     -3.839     -3.664          8     7.28826     123.624     0.729368    -0.482767     0.105554     0.146831   -0.0475928            0
     -3.664     -3.489          8     7.25093     127.275     0.750081    -0.498664     0.109009     0.153932    -0.047975            0
     -3.489     -3.314          8     6.85401     153.667     0.564887     -0.16141    0.0519313     0.062181   -0.0160946            0
     -3.314     -3.139          8       6.389     201.167     0.581868   -0.0990361    0.0349625    0.0419405  -0.00910618            0
     -3.139     -2.964          8     5.50138     174.642     0.730328    -0.158791    0.0590996    0.0599431   -0.0172994            0
     -2.964     -2.853          8     4.78813      180.15     0.957558     -0.42637     0.111599     0.119048   -0.0365937            0
     -2.853      -2.65          8      4.7169     269.271     0.981954     -0.39183    0.0771062    0.0866529   -0.0231784            0
      -2.65       -2.5          8     4.46587     360.909     0.738628     0.571452     -0.95504     0.525602   -0.0892219            0
       -2.5     -2.322          8     4.27754     366.913     0.765943     0.642925     -1.00728     0.530594   -0.0879706            0
     -2.322     -2.172          8     3.96416     431.992     0.792422     0.768949     -1.10786     0.548523   -0.0872328            0
     -2.172     -2.043          8     3.86313     500.567      0.65098      1.35173     -1.58389     0.688871    -0.100568            0
     -2.043      -1.93          8     3.76533     519.808     0.842271      1.09937     -1.39299     0.617737   -0.0909884            0
      -1.93      -1.83          8     3.56871     649.154      0.64774      1.68416     -1.77722      0.69971   -0.0942363            0
      -1.83      -1.74          8       3.533     674.582     0.644405      1.75639     -1.73492     0.640563   -0.0818566            0
      -1.74     -1.653          8     3.48532     686.117     0.407231      1.90932     -1.54758     0.480433   -0.0513543            0
     -1.653     -1.566          8     3.58688     899.853     0.333202      2.40806     -2.13658     0.727433   -0.0862038            0
     -1.566     -1.479          8     3.53874     904.165     0.739657      1.57203     -1.55319     0.565524   -0.0710638            0
     -1.479     -1.392          8     3.62046     900.336     0.633033      1.53374     -1.35664     0.463031   -0.0554541            0
     -1.392     -1.305          8     3.52857     892.215     0.932756     0.993373      -1.0501     0.399224   -0.0520546            0
     -1.305     -1.218          8     3.66269     1331.19      1.16316     0.273162    -0.402764     0.168492   -0.0230653            0
     -1.218     -1.131          8     3.73636     1331.49     0.931126     0.701518    -0.715038     0.266002   -0.0338899            0
     -1.131     -1.044          8     3.79785     1376.06     0.750777      1.01528    -0.929383     0.327293   -0.0400332            0
     -1.044     -0.957          8     3.83227      1452.7     0.810843     0.780272    -0.740045     0.268759   -0.0336572            0
     -0.957     -0.879          8     4.02001     1917.24     0.733184     0.794762    -0.684026     0.233713   -0.0278792            0
     -0.879     -0.783          8     3.92991     1856.72     0.719406     0.771384     -0.66345     0.228921   -0.0275619            0
     -0.783     -0.696          8     4.16069      1952.2     0.743722     0.647137    -0.558643      0.19571    -0.023893            0
     -0.696     -0.609          8     4.24633     2358.11     0.755802     0.547028    -0.446079     0.151144   -0.0180373            0
     -0.609     -0.522          8     4.28788     2394.63     0.577314     0.906018    -0.703035     0.227631   -0.0260661            0
     -0.522     -0.435          8     4.19375     2572.75     0.816605     0.371396    -0.317661      0.11415   -0.0142218            0
     -0.435     -0.348          8     4.31116     2790.55     0.751626     0.528729    -0.440823     0.152295   -0.0182899            0
     -0.348     -0.261          8     4.36527     2761.55      0.88917     0.214472      -0.1981     0.075691  -0.00986523            0
     -0.261     -0.174          8     4.32346     2767.75      0.60064     0.729271    -0.524037     0.162844   -0.0181739            0
     -0.174     -0.087          8     4.38772     2756.23     0.905471    0.0383492  -0.00179965  0.000876166 -0.000468697            0
     -0.087          0          8      4.3533     2772.33     0.787268      0.33142    -0.249488    0.0854647   -0.0104724            0
          0      0.087          8     4.23841     2779.24     0.649806     0.616976    -0.454221     0.145987   -0.0167656            0
      0.087      0.174          8     4.34974     2780.02     0.751951     0.356679    -0.247043    0.0804303  -0.00958766            0
      0.174      0.261          8     4.38953     2778.29     0.799045     0.318781    -0.244085    0.0841951   -0.0103554            0
      0.261      0.348          8     4.33305     2793.65     0.604881     0.742713    -0.550677     0.175212   -0.0198629            0
      0.348      0.435          8     4.24772     2754.21     0.601743     0.720841    -0.508558     0.155477   -0.0171488            0
      0.435      0.522          8     4.32549     2375.01     0.619076     0.812578    -0.639325     0.210107   -0.0243761            0
      0.522      0.609          8     4.20615      2340.6     0.611864     0.815021    -0.619299     0.197822   -0.0224933            0
      0.609      0.696          8     4.23363     2376.54      0.63272     0.809011    -0.633557     0.206475   -0.0237962            0
      0.696      0.783          8     4.13878     1954.88     0.727243     0.672697    -0.564798     0.193857   -0.0233412            0
      0.783      0.879          8     3.90877     1923.93     0.687192     0.797492     -0.65366     0.218213   -0.0256543            0
      0.879      0.957          8     3.93614     1917.33      1.37767    -0.563674     0.313023    -0.070836   0.00505534            0
      0.957      1.044          8     3.89488     1417.96     0.694189     0.994851    -0.874106       0.3031   -0.0367281            0
      1.044      1.131          8     3.74909     1403.79     0.686062      1.20552     -1.12039     0.401284   -0.0495832            0
      1.131      1.218          8     3.61696     1191.11     0.772917      1.01048    -0.918719     0.321954   -0.0393972            0
      1.218      1.305          8     3.60861     918.542      0.92598     0.709679    -0.699989     0.257479   -0.0330509            0
      1.305      1.392          8     3.57539     928.895     0.648504      1.48084     -1.30724     0.443936   -0.0528618            0
      1.392      1.479          8     3.67571     895.721     0.537978      1.65618     -1.36539     0.437311   -0.0493241            0
      1.479      1.566          8     3.58708     914.901     0.548267      1.89255     -1.72366     0.597183   -0.0720601            0
      1.566      1.653          8     3.49406     971.329     0.792769      1.49539      -1.5194     0.557551    -0.070223            0
      1.653       1.74          8     3.53385     697.351     0.617476      1.89244      -1.8435      0.67351   -0.0852869            0
       1.74       1.83          8     3.46046     658.528     0.874077      1.31702     -1.46801     0.581136   -0.0783972            0
       1.83       1.93          8     3.55966      674.28     0.955183      1.10631     -1.39628     0.596626   -0.0846925            0
       1.93      2.043          8     3.65491     511.348     0.546794        1.707     -1.79638     0.722715   -0.0996587            0
      2.043      2.172          8     3.87922     495.758     0.824434     0.907698     -1.18398     0.540284   -0.0812715            0
      2.172      2.322          8     3.86352     363.431      0.69312      1.13015     -1.48315     0.704828    -0.110345            0
      2.322        2.5          8     4.20738     370.266      0.76635     0.722715     -1.11599     0.581385   -0.0957907            0
        2.5       2.65          8     4.45651     350.937     0.665186     0.853697     -1.25484     0.650977    -0.107488            0
       2.65      2.853          8     4.69947     349.838     0.970258    -0.386826    0.0908576    0.0792172   -0.0226022            0
      2.853      2.964          8     4.86503     237.326      1.05044    -0.553906     0.151865     0.133424   -0.0439168            0
      2.964      3.139          8     5.54827     181.094     0.568688    0.0661097    0.0144221    0.0112307  5.87447e-06            0
      3.139      3.314          8     6.32593     195.392     0.630582    -0.162397    0.0413161    0.0546898   -0.0119054            0
      3.314      3.489          8     6.86831     150.768     0.599608    -0.200773    0.0556753    0.0698387   -0.0189423            0
      3.489      3.664          8     7.15929     120.273     0.764268    -0.517577      0.10829     0.157668   -0.0474158            0
      3.664      3.839          8     7.36519     98.3611     0.732183    -0.502158     0.102049     0.167458   -0.0546497            0
      3.839      4.013          8     7.15425      81.749     0.763409    -0.523695     0.091426     0.169857   -0.0514293            0
      4.013      4.191          8     7.01363     49.8273     0.786995    -0.521766    0.0493681      0.19833   -0.0565153            0
      4.191      4.363          8     6.65883     66.6754     0.789941    -0.520791    0.0799128     0.180523   -0.0574667            0
      4.363      4.538          8     6.13208     60.1494     0.808914    -0.505259    0.0684768     0.194653   -0.0677255            0
      4.538      4.716          8     5.40129     40.6565     0.857014    -0.523048    0.0761694     0.248234     -0.10139            0
      4.716      4.889          8     4.85985     28.4805     0.743159    -0.398972     0.234039     0.351747     -0.25558            0
      4.889      5.191          8     4.37433     11.7368     0.645042     0.240101   -0.0111512    -0.104416   -0.0946625            0
