     -5.191     -4.889          8     5.07942     15.3319     0.333695     0.329445     0.204846    0.0279377    -0.145218            0
     -4.889     -4.716          8     5.39047     18.7376     0.609216    0.0669516    -0.089015   -0.0328924    0.0823678            0
     -4.716     -4.538          8     6.16471      41.447     0.709609    -0.428605     0.151525     0.256611    -0.140505            0
     -4.538     -4.363          8     6.54248     55.4359     0.803041    -0.507612      0.05839     0.194752   -0.0591668            0
     -4.363     -4.191          8      7.1864     73.3217     0.755529     -0.50873    0.0743599     0.185633   -0.0530666            0
     -4.191     -4.013          8     7.35624     69.5852     0.735207    -0.514662    0.0895963     0.188512   -0.0583396            0
     -4.013     -3.839          8     7.76859     96.4339     0.684189    -0.487643     0.116683     0.173785   -0.0593518            0
     -3.839     -3.664          8     7.67962     123.624     0.684505    -0.464633     0.114046     0.148513   -0.0485268            0
     -3.664     -3.489          8     7.52393     123.526     0.701552     -0.46819     0.115166     0.151573   -0.0489006            0
     -3.489     -3.314          8     7.30589     160.581     0.587094    -0.252648    0.0809621    0.0911198   -0.0266018            0
     -3.314     -3.139          8     6.65131     200.841     0.552312    -0.106029    0.0448616    0.0477997   -0.0114501            0
     -3.139     -2.964          8     5.90966     175.015     0.574683    0.0193167    0.0320876    0.0271279  -0.00529393            0
     -2.964     -2.853          8     5.01394     173.175     0.822412    -0.253314    0.0944366    0.0886557   -0.0291103            0
     -2.853      -2.65          8     4.90166     271.368     0.974204    -0.434851     0.103577     0.100257   -0.0295631            0
      -2.65       -2.5          8     4.65018     358.309      1.11116     -0.55722     0.131181     0.105657   -0.0321469            0
       -2.5     -2.322          8     4.49695     363.603      1.10408    -0.464376     0.103252    0.0872833   -0.0258631            0
     -2.322     -2.172          8     4.26326     366.505     0.914467     0.336344    -0.697347     0.402921   -0.0700434            0
     -2.172     -2.043          8     4.11601     505.361      0.99439     0.312861    -0.616246      0.33055   -0.0542997            0
     -2.043      -1.93          8     3.92122     513.054      0.64997      1.47413     -1.68062     0.717701    -0.103759            0
      -1.93      -1.83          8     3.81669     666.235     0.415897      2.17001     -2.16289     0.833881    -0.111039            0
      -1.83      -1.74          8     3.70233      680.21     0.483664      2.20167     -2.14072     0.791896    -0.101749            0
      -1.74     -1.653          8     3.58342     691.851     0.579529      1.72746     -1.57728     0.551238   -0.0675835            0
     -1.653     -1.566          8     3.61932     899.288    0.0856566      2.95927     -2.55203     0.856916    -0.100483            0
     -1.566     -1.479          8      3.7626     901.341     0.535188      2.04606     -1.90987     0.676509   -0.0834641            0
     -1.479     -1.392          8     3.62954     887.759     0.773605      1.37567     -1.33933       0.4888   -0.0619726            0
     -1.392     -1.305          8     3.67031     901.215     0.730322      1.38477     -1.29152     0.458586   -0.0569683            0
     -1.305     -1.218          8     3.83082     931.358      0.88464     0.935062    -0.930554     0.344853   -0.0443855            0
     -1.218     -1.131          8     3.90505      1333.8     0.562494      1.40143      -1.1691     0.388237    -0.045514            0
     -1.131     -1.044          8     3.98891     1371.69     0.878681     0.733035    -0.725488      0.26761   -0.0339425            0
     -1.044     -0.957          8     4.05409     1446.72     0.871766     0.626956    -0.617806     0.229685   -0.0293332            0
     -0.957     -0.879          8     4.10152     1914.18     0.744642     0.757904    -0.655105     0.225069   -0.0270233            0
     -0.879     -0.783          8     4.15515     1884.49     0.715899     0.793866    -0.690442     0.240444   -0.0291666            0
     -0.783     -0.696          8     4.31459     1965.98     0.768967     0.580475    -0.507203      0.18018   -0.0222775            0
     -0.696     -0.609          8     4.30089     2355.49     0.703005      0.65627    -0.530688     0.178723   -0.0212008            0
     -0.609     -0.522          8     4.25538     2396.23     0.723664     0.593559    -0.481098     0.163261   -0.0195059            0
     -0.522     -0.435          8     4.27459     2570.33     0.688576      0.63582    -0.501543     0.167057   -0.0196398            0
     -0.435     -0.348          8     4.40276     2791.38     0.719435     0.592927    -0.483596     0.164107   -0.0194672            0
     -0.348     -0.261          8     4.48225     2759.66     0.689124     0.654029    -0.527511     0.177422   -0.0209017            0
     -0.261     -0.174          8     4.37521     2769.87     0.718768     0.565257    -0.449748      0.15085   -0.0178072            0
     -0.174     -0.087          8     4.46591     2756.95     0.741467     0.400577     -0.28684    0.0940483   -0.0111858            0
     -0.087          0          8     4.49995     2772.48      0.85598     0.225644    -0.191204    0.0719846   -0.0093751            0
          0      0.087          8     4.34603     2779.25     0.762334     0.413338    -0.326016     0.112344    -0.013651            0
      0.087      0.174          8     4.45629      2781.9     0.588223     0.746033     -0.55448     0.178818   -0.0205395            0
      0.174      0.261          8     4.48446     2777.71     0.874207     0.207089     -0.18588    0.0718691  -0.00947553            0
      0.261      0.348          8     4.52787     2792.11     0.562926     0.864549    -0.655176     0.210334    -0.023938            0
      0.348      0.435          8     4.37781     2752.96     0.642641      0.73436    -0.573036     0.187697   -0.0216972            0
      0.435      0.522          8     4.38735        2378     0.465977       1.1358    -0.868449     0.277313   -0.0313916            0
      0.522      0.609          8     4.32763     2368.25     0.567015     0.921482    -0.707713     0.227814   -0.0260391            0
      0.609      0.696          8     4.28344     2447.73     0.818425     0.449887    -0.394528     0.140279   -0.0172825            0
      0.696      0.783          8     4.25469     1955.46     0.928797     0.353274    -0.392464     0.156417    -0.020662            0
      0.783      0.879          8     4.17126     1912.97     0.775524     0.659906    -0.585071     0.206427   -0.0253095            0
      0.879      0.957          8     4.11942     1913.62      1.09262   -0.0722068   0.00839162   0.00918201  -0.00242934            0
      0.957      1.044          8     4.10803      1426.4     0.623656      1.14391    -0.989772     0.341587   -0.0413284            0
      1.044      1.131          8     3.87799     1410.77     0.890004     0.678489     -0.67305     0.248657   -0.0315744            0
      1.131      1.218          8     3.87117      1188.4     0.715011      1.17245     -1.06916     0.378765   -0.0468391            0
      1.218      1.305          8     3.75522     917.391     0.913715      0.82188    -0.817817     0.302417   -0.0389576            0
      1.305      1.392          8     3.76983     912.681     0.630962      1.59291     -1.43696     0.499062   -0.0608519            0
      1.392      1.479          8     3.68687     897.588    -0.262922      3.78129     -3.28014      1.13731    -0.137687            0
      1.479      1.566          8     3.73436     916.575     0.308605      2.43092      -2.1293      0.72444   -0.0863258            0
      1.566      1.653          8     3.58594     970.124      0.78663      1.50362     -1.50944     0.549757   -0.0690204            0
      1.653       1.74          8     3.66686     682.919     0.691686      1.77221     -1.78119     0.665346   -0.0861608            0
       1.74       1.83          8      3.6942      678.53     0.681091       1.8056     -1.88452     0.728781    -0.096926            0
       1.83       1.93          8     3.70823     672.232     0.774712      1.37041      -1.5189      0.61503   -0.0846804            0
       1.93      2.043          8     3.81017     506.669     0.706159      1.38578     -1.59368     0.678727   -0.0979123            0
      2.043      2.172          8     4.03763     502.422     0.903848     0.666871    -0.976629     0.472412   -0.0736448            0
      2.172      2.322          8     4.18748     524.651      1.22032    -0.463774     0.088185    0.0731626   -0.0204666            0
      2.322        2.5          8     4.48637     370.906       1.0763    -0.396742    0.0837929    0.0756735   -0.0215941            0
        2.5       2.65          8     4.71742     339.602     0.999558    -0.363774    0.0795874    0.0735936   -0.0204371            0
       2.65      2.853          8     4.85568     346.078     0.966422     -0.42032      0.11013     0.089239   -0.0268076            0
      2.853      2.964          8     5.01348     234.631     0.850693    -0.296731     0.114838    0.0912106   -0.0309013            0
      2.964      3.139          8     5.91882     177.784      0.59739   -0.0300808    0.0462113    0.0388244   -0.0102252            0
      3.139      3.314          8     6.72824     192.893     0.567309    -0.117253    0.0380237     0.049604  -0.00990857            0
      3.314      3.489          8     7.23759     149.684     0.647438    -0.334437     0.088664     0.110115   -0.0312706            0
      3.489      3.664          8     7.61772      123.57     0.696989    -0.474179     0.120075      0.15579   -0.0506672            0
      3.664      3.839          8     7.79383       102.1     0.715374    -0.499622     0.096444     0.167993   -0.0494605            0
      3.839      4.013          8     7.54218     77.3887     0.707482    -0.496941    0.0985247     0.186641   -0.0618103            0
      4.013      4.191          8     7.39148     76.7544     0.758515    -0.514005    0.0619629      0.17568    -0.044111            0
      4.191      4.363          8     7.19941     65.8913     0.767929    -0.515315    0.0736007      0.18244   -0.0520484            0
      4.363      4.538          8     6.44727     59.6149     0.746544    -0.477303    0.0941397     0.202057   -0.0774125            0
      4.538      4.716          8     5.92775     41.8299     0.783044    -0.460824    0.0985898     0.241061    -0.113017            0
      4.716      4.889          8     5.57297     28.2263     0.663937    -0.363875     0.266799     0.375945    -0.282964            0
      4.889      5.191          8     5.01143     11.7368     0.524919       0.2516    0.0520344   -0.0588602   -0.0996857            0
