     -5.191     -4.889          8     5.43377      19.527      1.79456    0.0584329    -0.455359    -0.227094     0.240565            0
     -4.889     -4.716          8     6.40322     22.9185     0.895377     0.414068     0.116042   -0.0313619   -0.0877799            0
     -4.716     -4.538          8     7.84403     40.7092      0.89425     0.265504    0.0174558   -0.0380049     -0.02803            0
     -4.538     -4.363          8     8.55696     59.2579     0.928808     0.158405   -0.0401186   -0.0339572   0.00427655            0
     -4.363     -4.191          8     9.14754     77.8106      0.99212    -0.042361   0.00239192    0.0424176   -0.0219005            0
     -4.191     -4.013          8      9.2735      76.809      1.04256    -0.125278   0.00331091    0.0645246   -0.0246761            0
     -4.013     -3.839          8     9.32982     98.0086     0.839527     0.164829   -0.0110566    -0.022011  -0.00568398            0
     -3.839     -3.664          8     9.29212     128.291      1.00515   -0.0349335   0.00828713    0.0286595   -0.0187478            0
     -3.664     -3.489          8     8.97656     130.975      1.20145    -0.201692   0.00661355    0.0638044   -0.0240314            0
     -3.489     -3.314          8     8.47536     167.568      1.23284    -0.131954   -0.0164117    0.0339728   -0.0111555            0
     -3.314     -3.139          8      8.1127     190.659      1.25931   -0.0777073   -0.0317292    0.0134294  -0.00481868            0
     -3.139     -2.964          8     7.78635     217.064      1.48549    -0.371886    0.0294816     0.086299   -0.0306812            0
     -2.964     -2.853          8     8.00147     201.642      1.64502    -0.688016    0.0995665     0.165992   -0.0541165            0
     -2.853      -2.65          8     8.28442     293.112      1.62902    -0.667042    0.0791851     0.133855   -0.0391498            0
      -2.65       -2.5          8     8.76049     395.736      1.61322    -0.663603    0.0830829      0.11901   -0.0337975            0
       -2.5     -2.322          8       8.817     404.724       1.3891    -0.426646    0.0541615    0.0800143   -0.0231692            0
     -2.322     -2.172          8     9.02143     415.849      1.24663    -0.278402    0.0368807    0.0563628   -0.0165028            0
     -2.172     -2.043          8     9.09185     560.416      1.08046   -0.0733559   0.00870927     0.019347  -0.00594039            0
     -2.043      -1.93          8     9.19248     578.842      1.06033   -0.0536472    0.0085416    0.0160022  -0.00517225            0
      -1.93      -1.83          8     9.27558     744.121      1.35706    -0.816614     0.713611    -0.258634     0.033152            0
      -1.83      -1.74          8     9.29636     776.986      1.04486   -0.0251506   0.00278094    0.0108396   -0.0036284            0
      -1.74     -1.653          8     9.29138     778.402      1.06245   -0.0514606   0.00294675    0.0145204  -0.00396438            0
     -1.653     -1.566          8      9.3052     997.282      1.07284   -0.0590906   0.00331258    0.0131219  -0.00350631            0
     -1.566     -1.479          8     9.23587     1033.46      1.09341   -0.0685781  0.000653734    0.0140301  -0.00344208            0
     -1.479     -1.392          8     9.11675     1036.66      1.19727    -0.186508    0.0198297    0.0287708  -0.00736625            0
     -1.392     -1.305          8     9.07494     1043.18      1.05244   0.00896969    -0.016978   0.00297474  5.11419e-06            0
     -1.305     -1.218          8     9.12108     1552.43      1.05144   -0.0151695  -0.00308477   0.00666582  -0.00184781            0
     -1.218     -1.131          8     9.16444     1481.84      1.07649   -0.0508597   0.00421345    0.0108023  -0.00303394            0
     -1.131     -1.044          8     9.17454     1569.74      1.09152   -0.0637669   0.00148496    0.0117504  -0.00273652            0
     -1.044     -0.957          8     9.13849     1652.62       1.0655   -0.0511938   0.00125944    0.0104639  -0.00250814            0
     -0.957     -0.879          8     9.28859     2146.02      1.08277   -0.0646534  0.000472918     0.010369  -0.00214172            0
     -0.879     -0.783          8     9.47612     2093.88      1.03996   -0.0392387  4.31739e-05   0.00811565  -0.00178735            0
     -0.783     -0.696          8     9.46946     2206.21      1.04171   -0.0458913   0.00192675   0.00863358  -0.00195906            0
     -0.696     -0.609          8     9.60126     2633.76     0.998934  -0.00863904  -0.00178069   0.00463535  -0.00107147            0
     -0.609     -0.522          8     9.64577     2645.67      1.00236   -0.0115951  -0.00133561   0.00445803 -0.000955089            0
     -0.522     -0.435          8     9.62015     2870.49      1.00105   -0.0176774    0.0016795   0.00461231  -0.00109692            0
     -0.435     -0.348          8     9.73285     3069.51      1.00148   -0.0131213 -0.000325592   0.00407638 -0.000888976            0
     -0.348     -0.261          8     9.61184     3041.39     0.972323   0.00741887  -0.00182644   0.00243635 -0.000558895            0
     -0.261     -0.174          8     9.67415     3039.26     0.959468     0.022286  -0.00430178   0.00120364 -0.000253133            0
     -0.174     -0.087          8     9.75527     3025.16     0.975628  -0.00195677   0.00185367   0.00382275  -0.00112845            0
     -0.087          0          8     9.78615     3043.97     0.979698  -0.00624057   0.00246271   0.00411673  -0.00117326            0
          0      0.087          8     9.68208     3051.81     0.985882   -0.0178487   0.00528954   0.00549094  -0.00162157            0
      0.087      0.174          8     9.81013     3046.65     0.961014    0.0137617  -0.00199595   0.00247834  -0.00066012            0
      0.174      0.261          8     9.64552      3050.2     0.958416    0.0163456  -0.00256688    0.0020832 -0.000504853            0
      0.261      0.348          8     9.80198     3067.38     0.979686  -0.00273456  0.000638844   0.00371298  -0.00098757            0
      0.348      0.435          8     9.72334     3046.43     0.995576   -0.0152403   0.00236288   0.00482115  -0.00133603            0
      0.435      0.522          8     9.56651     2630.66      1.00671   -0.0198213   0.00074795   0.00503071  -0.00112481            0
      0.522      0.609          8      9.4775     2586.79     0.994987    -0.001254   -0.0031924   0.00323167 -0.000635449            0
      0.609      0.696          8      9.5905     2524.51      1.01098   -0.0179188 -0.000859187   0.00514338  -0.00114032            0
      0.696      0.783          8     9.44504     2178.23      1.03405   -0.0401594   0.00173302   0.00808184  -0.00187792            0
      0.783      0.879          8     9.39295     2192.47      1.03101   -0.0290502 -0.000325493   0.00696666  -0.00161385            0
      0.879      0.957          8      9.4297     2161.65      1.04002   -0.0314899  1.10705e-05   0.00801125  -0.00205792            0
      0.957      1.044          8     9.15912     1609.89      1.06199   -0.0426851  -0.00131379    0.0092528  -0.00209908            0
      1.044      1.131          8     9.16849     1613.45      1.09309   -0.0667508   0.00250306    0.0126111  -0.00310618            0
      1.131      1.218          8     9.20501     1350.68      1.04782   0.00169241  -0.00972948   0.00407247 -0.000775005            0
      1.218      1.305          8      9.1562     1082.79      1.11737   -0.0749503   0.00163929      0.01491  -0.00375939            0
      1.305      1.392          8     9.18572     1070.47      1.07847   -0.0275813  -0.00794421   0.00784972   -0.0016506            0
      1.392      1.479          8     9.03886     1046.46      1.10104   -0.0498692   -0.0104679    0.0100476  -0.00126936            0
      1.479      1.566          8     9.34686     1038.36      1.04279  -0.00899749  -0.00769473   0.00642858  -0.00153299            0
      1.566      1.653          8     9.12582     1043.99      1.12988    -0.113169    0.0100549     0.019951  -0.00528089            0
      1.653       1.74          8     9.26878      791.56      1.11604   -0.0967005   0.00594356    0.0208842  -0.00542073            0
       1.74       1.83          8     9.21661      764.23       1.0044    0.0261562  -0.00701036   0.00371892    -0.001417            0
       1.83       1.93          8     9.02828     746.721      1.05992   -0.0250565   -0.0004701   0.00967054  -0.00297704            0
       1.93      2.043          8     9.19178     579.607      1.10398    -0.101053    0.0170694    0.0241627  -0.00787486            0
      2.043      2.172          8      9.1835     560.969       1.0635   -0.0530399   0.00732995    0.0166969   -0.0055287            0
      2.172      2.322          8      8.9167     408.362       1.2421    -0.268622    0.0347585    0.0557278   -0.0164108            0
      2.322        2.5          8     8.69933     410.207      1.40559    -0.431219    0.0515356    0.0799439   -0.0227273            0
        2.5       2.65          8     8.65188      378.82      1.52474    -0.549528    0.0670897    0.0981431    -0.027833            0
       2.65      2.853          8     8.48006     379.624       1.4331    -0.401016    0.0399626    0.0731429    -0.019962            0
      2.853      2.964          8     8.15701     259.947      1.62391    -0.643474    0.0991239     0.137267   -0.0441477            0
      2.964      3.139          8     7.91307     211.624      1.45256    -0.274003   -0.0153801    0.0520903   -0.0116455            0
      3.139      3.314          8     8.12401     202.391      1.37808    -0.241442  -0.00755817    0.0475775   -0.0147218            0
      3.314      3.489          8     8.59082      155.42      1.18976   -0.0900462   -0.0158157    0.0269128   -0.0108198            0
      3.489      3.664          8     8.95447      125.29      1.06582   -0.0283272   -0.0107282    0.0210718   -0.0118146            0
      3.664      3.839          8     9.18285     103.608      1.05157   -0.0933476   0.00606542     0.047172   -0.0228872            0
      3.839      4.013          8     9.40844     86.7216      1.03198   -0.0987842   0.00936799    0.0512795   -0.0236735            0
      4.013      4.191          8     9.43117     52.8969     0.855718     0.150136   -0.0316842   -0.0278844   0.00634568            0
      4.191      4.363          8     9.13342     72.7765      1.12869    -0.215351   0.00204759      0.08838   -0.0279616            0
      4.363      4.538          8      8.6418     64.5201      0.93767     0.155901   -0.0440587   -0.0345788   0.00612837            0
      4.538      4.716          8     7.64634     45.4297     0.928002     0.255461   0.00167409   -0.0450159   -0.0265119            0
      4.716      4.889          8      6.6311     25.9526      0.88341     0.393969     0.104908   -0.0265697   -0.0675529            0
      4.889      5.191          8     5.18309     15.3706      3.01171     -1.24885     -1.91772    -0.436301       1.7675            0
