     -5.191     -4.889          8     4.27314     15.2833     0.539065     0.261025    0.0522176   -0.0647008    -0.117446            0
     -4.889     -4.716          8      4.7749     19.2995     0.537254     0.125985   -0.0267524   -0.0292826    0.0162699            0
     -4.716     -4.538          8     5.60542     38.6019     0.876906    -0.682204     0.109497     0.328754    -0.120906            0
     -4.538     -4.363          8     6.13037     55.2975      0.82859    -0.610407    0.0999017     0.241659   -0.0845745            0
     -4.363     -4.191          8     6.65581     73.3217     0.776562    -0.602406     0.119263     0.224004   -0.0759976            0
     -4.191     -4.013          8     6.95487     73.2898      0.77571    -0.618254     0.120568     0.223715   -0.0733409            0
     -4.013     -3.839          8     7.24575     93.2194     0.721801    -0.575553     0.144648     0.200166   -0.0725661            0
     -3.839     -3.664          8      7.2631     124.094      0.69232    -0.524263     0.145342     0.168079   -0.0606212            0
     -3.664     -3.489          8     7.25019     125.214     0.608778    -0.349383    0.0896842     0.120232   -0.0348963            0
     -3.489     -3.314          8     7.00236      162.41     0.567993    -0.258001    0.0958848    0.0937973   -0.0304782            0
     -3.314     -3.139          8     6.41365     201.167     0.534077    -0.114748    0.0611337    0.0516694   -0.0151888            0
     -3.139     -2.964          8     5.54948     174.971     0.656056    -0.123262    0.0759987    0.0591375    -0.020256            0
     -2.964     -2.853          8     4.72104     180.706     0.800276    -0.264579     0.106515    0.0907097   -0.0309224            0
     -2.853      -2.65          8     4.51474     273.181     0.940289     -0.38039    0.0906275    0.0870067   -0.0250473            0
      -2.65       -2.5          8     4.25851     362.379     0.761982     0.383207    -0.738212     0.438341   -0.0774983            0
       -2.5     -2.322          8     4.12187     366.819     0.859834     0.243026    -0.587172     0.364956   -0.0656376            0
     -2.322     -2.172          8     3.89169     371.505     0.760815     0.676351     -0.95754     0.485125   -0.0792424            0
     -2.172     -2.043          8     3.72601     510.002      0.87913     0.718764     -1.02785     0.493359   -0.0766258            0
     -2.043      -1.93          8     3.62395     520.171     0.676436      1.46193     -1.68685     0.721533    -0.104356            0
      -1.93      -1.83          8     3.51135     668.365     0.649607      1.70975     -1.83211     0.732631    -0.100103            0
      -1.83      -1.74          8     3.37914     678.171     0.603942      1.91493     -1.93363     0.733551   -0.0961938            0
      -1.74     -1.653          8     3.26565     688.931      0.51758      2.10423     -2.00685      0.72607   -0.0914124            0
     -1.653     -1.566          8     3.29826     900.287     0.230651      2.71813     -2.42001     0.830264    -0.099204            0
     -1.566     -1.479          8     3.50662     906.336     0.422969      2.27694     -2.08721     0.734199   -0.0900879            0
     -1.479     -1.392          8     3.30203     894.913     0.671634      1.58542     -1.46421     0.514622    -0.063256            0
     -1.392     -1.305          8      3.3697     902.665     0.934944       1.0582     -1.13533     0.436284   -0.0574089            0
     -1.305     -1.218          8     3.59403     1319.85      1.00663     0.540561    -0.549217     0.199295   -0.0251032            0
     -1.218     -1.131          8     3.50925     1338.32     0.943802      0.75404    -0.792265     0.299333   -0.0385203            0
     -1.131     -1.044          8     3.57845      1387.2      0.88881     0.783725    -0.812991     0.308354   -0.0397611            0
     -1.044     -0.957          8     3.66162     1456.96     0.735615     0.919603    -0.821752     0.287822   -0.0352119            0
     -0.957     -0.879          8     3.81795     1917.24     0.840316     0.625873    -0.601204     0.219592   -0.0274434            0
     -0.879     -0.783          8     3.85442     1873.39     0.635887     0.938554    -0.782545     0.265018   -0.0315151            0
     -0.783     -0.696          8     4.06066     1965.23     0.703326      0.71374    -0.599095     0.206586   -0.0250016            0
     -0.696     -0.609          8     4.09896     2358.63     0.789461     0.480129    -0.409094     0.144017   -0.0176936            0
     -0.609     -0.522          8     4.00833     2401.11     0.909615     0.243547    -0.247544    0.0975837   -0.0129084            0
     -0.522     -0.435          8     3.98746     2572.75     0.762662     0.542484    -0.469981     0.166197   -0.0202985            0
     -0.435     -0.348          8     4.05283      2790.2      0.69053     0.644719    -0.516686     0.173147   -0.0203679            0
     -0.348     -0.261          8     4.17516      2759.1     0.728854     0.628194    -0.540557     0.188752    -0.022744            0
     -0.261     -0.174          8     4.08844     2768.82     0.659811     0.697068    -0.548561     0.181294   -0.0211131            0
     -0.174     -0.087          8     4.15691     2757.15     0.759363     0.373469    -0.266176    0.0869871   -0.0103596            0
     -0.087          0          8     4.20953     2772.53     0.741013     0.476855    -0.377548     0.129046   -0.0155389            0
          0      0.087          8     4.04444     2779.01     0.663894     0.595045    -0.438727     0.141436   -0.0163337            0
      0.087      0.174          8     4.11654     2781.31     0.977284   -0.0506122    0.0160758   0.00788792  -0.00233993            0
      0.174      0.261          8     4.15573     2779.26     0.743429     0.549043    -0.468582     0.164699   -0.0200001            0
      0.261      0.348          8     4.10295      2790.2     0.552148     0.875913      -0.6581     0.210123   -0.0238318            0
      0.348      0.435          8     4.04818     2750.56     0.589804     0.844805    -0.648322     0.208772   -0.0237987            0
      0.435      0.522          8      4.0405     2378.76     0.633172     0.776124    -0.611058     0.201758   -0.0235645            0
      0.522      0.609          8     4.03158     2365.64     0.539731      1.04714    -0.825087     0.268097   -0.0307392            0
      0.609      0.696          8     3.96066     2377.61      0.66933     0.786475    -0.647403     0.218082   -0.0257396            0
      0.696      0.783          8     4.00027     1964.53      0.71618     0.772477    -0.686976     0.244102    -0.030012            0
      0.783      0.879          8      3.8427     1916.62     0.779684     0.652053    -0.583223     0.207247   -0.0255493            0
      0.879      0.957          8     3.86578     1917.33      1.18224    -0.150094    0.0175525    0.0154116  -0.00372753            0
      0.957      1.044          8     3.73403     1418.23     0.658857      1.02148    -0.876544     0.301162   -0.0363944            0
      1.044      1.131          8     3.59854     1416.62      1.13692     0.257219    -0.417692     0.183169   -0.0256218            0
      1.131      1.218          8     3.49756     1191.65     0.815262      1.04745     -1.03236     0.382015   -0.0486716            0
      1.218      1.305          8      3.3644     916.865      1.04986     0.655448    -0.772795      0.31012   -0.0421049            0
      1.305      1.392          8     3.47583     920.916     0.898353       1.1727     -1.22338     0.460985   -0.0597416            0
      1.392      1.479          8     3.39894     901.719     0.810406        1.257     -1.21574     0.438509   -0.0551276            0
      1.479      1.566          8     3.51469     914.454      0.73889      1.57141      -1.5402     0.558677   -0.0702675            0
      1.566      1.653          8     3.30627     888.298     0.668346      1.91388     -1.92501     0.712566   -0.0908372            0
      1.653       1.74          8     3.38109     701.804     0.316943      2.47339      -2.2316      0.78004   -0.0953046            0
       1.74       1.83          8     3.36149     686.211     0.725351      1.72957     -1.83623     0.714883   -0.0955066            0
       1.83       1.93          8     3.44946     658.695     0.900014      1.24455     -1.53223     0.653678   -0.0931427            0
       1.93      2.043          8     3.54053      507.21     0.425703      2.19232     -2.35906     0.972683    -0.137269            0
      2.043      2.172          8     3.69419     506.759      0.76633     0.998238     -1.25195     0.567573    -0.085391            0
      2.172      2.322          8     3.78942     365.239      0.55645      1.27156     -1.49687     0.683006    -0.104849            0
      2.322        2.5          8     4.10151     374.558     0.530263      1.03808     -1.22651     0.577443   -0.0905678            0
        2.5       2.65          8     4.28612      354.99     0.568611     0.883008     -1.16604     0.590443   -0.0968595            0
       2.65      2.853          8     4.50443     350.555     0.962264    -0.420743     0.114743    0.0863433   -0.0268575            0
      2.853      2.964          8     4.68518     239.009     0.836077    -0.298623     0.118582    0.0886433   -0.0307085            0
      2.964      3.139          8     5.48215     183.644     0.578903    -0.036948    0.0686785    0.0417962   -0.0160479            0
      3.139      3.314          8     6.39598     196.427     0.523222   -0.0798893    0.0379933    0.0433332  -0.00837682            0
      3.314      3.489          8     6.93445      151.05     0.602209    -0.299078    0.0981952     0.102193   -0.0324675            0
      3.489      3.664          8     7.15359     122.172     0.731616    -0.550297     0.138638     0.174072   -0.0570494            0
      3.664      3.839          8     7.36716     100.139     0.740754    -0.583302     0.124576     0.194592   -0.0618855            0
      3.839      4.013          8     7.18065     89.8042     0.743837    -0.597938     0.138236      0.20447   -0.0696949            0
      4.013      4.191          8     6.94659     77.7687     0.791084    -0.608067    0.0939995     0.209823   -0.0595329            0
      4.191      4.363          8     6.62006     66.6754     0.774621    -0.612543     0.136545     0.229141    -0.084716            0
      4.363      4.538          8     6.00052     60.1494     0.807568    -0.594054     0.111426     0.239327   -0.0890972            0
      4.538      4.716          8     5.42829     43.2665     0.843677    -0.600723     0.130996     0.293513    -0.135132            0
      4.716      4.889          8     5.04472      28.723     0.842442    -0.641151     0.256239     0.475861    -0.290897            0
      4.889      5.191          8     4.38611     11.7368     0.275073     0.532255     0.398781  -0.00261626    -0.522974            0
