     -5.191     -4.889          8      4.0583     23.7473      1.61599     -1.40073   -0.0652828     0.662137   -0.0747851            0
     -4.889     -4.716          8     4.28064     30.7491      1.28737     -1.11104     0.258539     0.604003    -0.294983            0
     -4.716     -4.538          8     5.02931     69.5357        1.294     -1.04612     0.100811     0.328709   -0.0840471            0
     -4.538     -4.363          8     5.76326     86.8094      1.17318    -0.911443     0.117981     0.253745   -0.0754869            0
     -4.363     -4.191          8     5.97808     82.0367      1.14605    -0.970837     0.126007     0.272075   -0.0745858            0
     -4.191     -4.013          8     7.06557     96.4427      1.04799    -0.888323     0.136864     0.263269   -0.0799532            0
     -4.013     -3.839          8     6.64541       143.2      1.10165     -1.00715     0.193408     0.270703   -0.0868924            0
     -3.839     -3.664          8      6.9503     178.879      1.10316    -0.999415     0.202475     0.248906   -0.0790688            0
     -3.664     -3.489          8     6.60174      197.42      1.00751     -0.87409     0.214426     0.207825   -0.0697446            0
     -3.489     -3.314          8     6.47328     208.528      1.01737    -0.799778     0.177223     0.190634   -0.0584503            0
     -3.314     -3.139          8     6.20583      271.18     0.757215    -0.354567     0.103579     0.085826    -0.026836            0
     -3.139     -2.964          8     5.25757      260.75        1.617     -2.48856      2.15655    -0.722717    0.0856415            0
     -2.964     -2.853          8     4.75878     338.137      1.53872     -1.86516      1.44786    -0.412172    0.0396035            0
     -2.853      -2.65          8     4.35974     507.427      1.46486     -1.46866     0.946921    -0.206591     0.011863            0
      -2.65       -2.5          8      4.3752     395.756      1.23538    -0.666794     0.146335     0.115005    -0.034621            0
       -2.5     -2.322          8     3.98454     513.718      1.41291     -1.15618     0.718371    -0.154757   0.00887229            0
     -2.322     -2.172          8     3.82982     700.604      1.22923    -0.476096     0.100663    0.0646749   -0.0185355            0
     -2.172     -2.043          8     3.76066     733.575      1.26988    -0.391568    0.0629682     0.050444   -0.0129411            0
     -2.043      -1.93          8     3.65182     915.362      1.00454     0.355111    -0.480285     0.202133   -0.0272625            0
      -1.93      -1.83          8     3.41898     841.572      1.21539    -0.106209   -0.0119077   0.00904829 -0.000459587            0
      -1.83      -1.74          8     3.58715     900.111      1.02245     0.748926     -0.82876     0.305656   -0.0378054            0
      -1.74     -1.653          8     3.59812     943.867     0.977337     0.737968    -0.701258     0.226586   -0.0247405            0
     -1.653     -1.566          8     3.37457     981.767      0.85494     0.719714    -0.465242    0.0784569  0.000664448            0
     -1.566     -1.479          8     3.59199     1368.34     0.966787     0.749664    -0.682269     0.213605   -0.0227045            0
     -1.479     -1.392          8     3.26834     1321.34      1.18363     0.191726    -0.205718    0.0537839  -0.00408938            0
     -1.392     -1.305          8     3.31009     1421.93      1.35114    -0.141079  -0.00927983    0.0102788  -0.00113028            0
     -1.305     -1.218          8     3.34734     1874.86      1.29696    -0.120391  -0.00487265   0.00866397  -0.00109762            0
     -1.218     -1.131          8     3.73234     1789.26      1.03126     0.260603    -0.225511    0.0662636  -0.00658602            0
     -1.131     -1.044          8     3.67085     2203.37      1.18348   -0.0934025   0.00240989   0.00780279  -0.00138871            0
     -1.044     -0.957          8     3.61763      2320.2      1.10656   -0.0504888  -0.00112465   0.00481704 -0.000758994            0
     -0.957     -0.879          8     4.30815     2624.02     0.929876     0.232843    -0.186186    0.0580392  -0.00631114            0
     -0.879     -0.783          8      3.6424     2785.07      1.15881    -0.157635    0.0249701    0.0134534  -0.00326168            0
     -0.783     -0.696          8     4.10629      2803.5      1.06348   -0.0688284   0.00801782   0.00727041  -0.00156273            0
     -0.696     -0.609          8     3.82617     3183.48      1.20503    -0.374008     0.208259   -0.0455316   0.00335054            0
     -0.609     -0.522          8     4.03178     3257.34     0.949418    0.0173669  -0.00172764   0.00106304 -0.000229328            0
     -0.522     -0.435          8     4.32678     3273.41     0.932143    0.0364535  -0.00517443  -0.00029704  8.14635e-05            0
     -0.435     -0.348          8      4.1158     3306.43     0.861096     0.101702   -0.0165914  -0.00501786   0.00133281            0
     -0.348     -0.261          8     4.16654     3288.04     0.948292    0.0139925  -0.00161306   0.00139746 -0.000272949            0
     -0.261     -0.174          8     4.14866     3285.96      1.02583    -0.248578     0.225866   -0.0729876   0.00799019            0
     -0.174     -0.087          8     4.24722     3279.63     0.935106    0.0239887  -0.00310647  0.000773427 -0.000119059            0
     -0.087          0          8     4.26062     3301.37     0.915921    0.0112243   0.00607778   0.00234217  -0.00088298            0
          0      0.087          8     4.25744     3304.89      1.11778    -0.404082      0.30556   -0.0883078   0.00885454            0
      0.087      0.174          8     4.16913     3308.18     0.973161    -0.168027     0.164541   -0.0525496    0.0056529            0
      0.174      0.261          8     4.05065     3317.05      1.08855    -0.308032     0.229549   -0.0654583   0.00650245            0
      0.261      0.348          8     4.03028     3302.74     0.974235   -0.0207986   0.00572834   0.00402547 -0.000974244            0
      0.348      0.435          8     3.99922     3312.71      0.90856    0.0510004  -0.00738154   -0.0013771  0.000392862            0
      0.435      0.522          8     4.00481      3272.5      1.01752    -0.051526   0.00953224   0.00602601   -0.0014199            0
      0.522      0.609          8      4.2672     3263.35     0.877304     0.109803   -0.0220355  -0.00588093    0.0017647            0
      0.609      0.696          8     3.83816     3247.11      1.01244   -0.0245848   0.00293635   0.00351176 -0.000761595            0
      0.696      0.783          8       4.554      2805.3     0.793465      0.39795    -0.279256    0.0825534  -0.00868648            0
      0.783      0.879          8     3.88021     2780.44      1.01478   0.00326901  -0.00478245    0.0011887 -0.000109735            0
      0.879      0.957          8     3.77109      2721.3      1.06565   -0.0344697  -0.00190964   0.00384207 -0.000521839            0
      0.957      1.044          8      3.6967     2338.27     0.963337     0.110402   -0.0318653  -0.00828443   0.00284421            0
      1.044      1.131          8     3.67957      1940.5      1.36713     -0.40153     0.184915   -0.0371038   0.00244929            0
      1.131      1.218          8     3.37228     1776.72      1.14754   0.00958676   -0.0261956  -0.00193404   0.00179742            0
      1.218      1.305          8     3.30862     1930.16      1.21786   -0.0588525  -0.00979834   0.00371452 -0.000227693            0
      1.305      1.392          8     3.41493     1802.03     0.938151     0.478752    -0.323045    0.0707758  -0.00426762            0
      1.392      1.479          8     3.27336     1371.36      1.08974      0.34655    -0.304881    0.0806513  -0.00656237            0
      1.479      1.566          8      3.3124     1491.06      1.08224     0.641983    -0.665144     0.221822   -0.0248265            0
      1.566      1.653          8     3.45761     969.094     0.865544     0.887383     -0.70997     0.191154   -0.0161699            0
      1.653       1.74          8     3.49177     924.164     0.903564     0.967954    -0.893927     0.288681   -0.0314979            0
       1.74       1.83          8     3.71572     939.102     0.763871      1.09095    -0.942743     0.298701   -0.0321099            0
       1.83       1.93          8     4.20701     934.446     0.780264      0.98843    -0.943812      0.33703   -0.0412684            0
       1.93      2.043          8     3.44808       935.6      1.07133     0.396549    -0.615838     0.272205   -0.0379314            0
      2.043      2.172          8      3.6351     701.583      1.29372    -0.420681    0.0715347    0.0533872   -0.0141654            0
      2.172      2.322          8     4.03754     519.941      1.25185    -0.488765     0.094804    0.0728196   -0.0206671            0
      2.322        2.5          8      4.1234     504.684      1.25466    -0.601425     0.131038    0.0921462    -0.027198            0
        2.5       2.65          8     4.15201     514.582       1.4974     -1.37013     0.842358    -0.177853   0.00952255            0
       2.65      2.853          8     4.29134     371.792      1.72479     -2.06113      1.43319    -0.374142     0.032107            0
      2.853      2.964          8     4.62092     253.983      1.76288     -2.48675       2.0585    -0.657632    0.0737497            0
      2.964      3.139          8     5.52165     280.106     0.901814    -0.459964     0.145714     0.113183   -0.0386216            0
      3.139      3.314          8     6.09102      295.48     0.862369     -0.49941     0.127228       0.1127   -0.0345308            0
      3.314      3.489          8     7.20947     212.688     0.849074    -0.587108     0.150752     0.151125     -0.04897            0
      3.489      3.664          8     6.83133     216.114     0.877688    -0.630967     0.138215     0.153765   -0.0457288            0
      3.664      3.839          8     6.95869     168.203      1.01248    -0.852729     0.174027     0.213217   -0.0665697            0
      3.839      4.013          8     6.79503     167.334      1.01375    -0.813698     0.141007     0.197132   -0.0549649            0
      4.013      4.191          8     6.37423     100.637      1.07462    -0.914492     0.139482     0.262083   -0.0779787            0
      4.191      4.363          8     5.91885     132.604      1.09253    -0.871677     0.129663      0.22248   -0.0613669            0
      4.363      4.538          8     5.46297     88.9872       1.2044    -0.983309     0.115622     0.265344   -0.0683507            0
      4.538      4.716          8     5.07516     45.8411      1.27895     -1.09234       0.1209     0.406816    -0.128536            0
      4.716      4.889          8      4.3452     46.3522      1.26109     -1.03617     0.235286     0.455543     -0.20799            0
      4.889      5.191          8     4.27156     27.6696      1.37951     -1.17697     0.167062     0.621149    -0.260033            0
