     -5.191     -4.889          8     4.98705     17.8423      2.02429    -0.246379    -0.721973    -0.229902     0.515341            0
     -4.889     -4.716          8     6.66434     24.4518     0.826217     0.410479     0.130445   -0.0229985   -0.0913349            0
     -4.716     -4.538          8     7.63887     40.8856     0.835763     0.285266    0.0421345   -0.0307036   -0.0359337            0
     -4.538     -4.363          8     8.47334     57.1433     0.902071      0.16641   -0.0304879   -0.0307198   0.00281424            0
     -4.363     -4.191          8     9.06785     77.8106      0.83831      0.16408   -0.0159067   -0.0230997 -0.000783679            0
     -4.191     -4.013          8     9.00608     77.3289     0.840775     0.157095   -0.0186542   -0.0226262  0.000201237            0
     -4.013     -3.839          8     9.18745     97.3232     0.761904     0.299763   -0.0374242   -0.0653317    0.0102564            0
     -3.839     -3.664          8     9.08771     128.371     0.760661     0.317787   -0.0421781    -0.065558    0.0106906            0
     -3.664     -3.489          8      8.7913     129.486     0.974324     0.131966    -0.039339   -0.0244638   0.00266779            0
     -3.489     -3.314          8     8.37732     167.757      1.00798     0.200731   -0.0727201   -0.0473446    0.0151464            0
     -3.314     -3.139          8     8.02374     191.398      1.12753     0.145932   -0.0832283   -0.0392907    0.0140051            0
     -3.139     -2.964          8     7.81584     217.496      1.19451    0.0451129   -0.0464455   -0.0076194   0.00046082            0
     -2.964     -2.853          8     7.94582     202.829      1.64285    -0.640906    0.0688079      0.14751   -0.0437829            0
     -2.853      -2.65          8     8.31927     292.209      1.49302    -0.487012    0.0424921    0.0983198   -0.0268251            0
      -2.65       -2.5          8      8.4636         397      1.56018    -0.579667    0.0599803     0.104119    -0.028212            0
       -2.5     -2.322          8     8.71461     405.639      1.29232    -0.291881    0.0241537    0.0569489   -0.0152593            0
     -2.322     -2.172          8     8.95423     416.982      1.11485     -0.10717   0.00410446    0.0286931  -0.00782162            0
     -2.172     -2.043          8     8.92608     558.828      1.10059   -0.0872416   0.00432515    0.0223834   -0.0061136            0
     -2.043      -1.93          8      9.0168     580.182      1.04836   -0.0302185  -0.00112501    0.0141659  -0.00412917            0
      -1.93      -1.83          8     9.16853     744.749       1.0376   -0.0182855 -0.000601961    0.0114527  -0.00349849            0
      -1.83      -1.74          8     9.06069     774.893      1.00309    0.0311181    -0.010335   0.00285386 -0.000818368            0
      -1.74     -1.653          8     9.15729     779.775      1.00789    0.0164612   -0.0103877   0.00583669  -0.00132485            0
     -1.653     -1.566          8       9.236     997.596      1.00228    0.0392213   -0.0175416 -0.000928422   0.00101541            0
     -1.566     -1.479          8     9.09899     1031.15      1.07393    -0.045927  -0.00444455    0.0124171  -0.00298584            0
     -1.479     -1.392          8     9.09413     1018.53      1.09231   -0.0576763  -0.00487238    0.0133595  -0.00290244            0
     -1.392     -1.305          8     9.03275     1045.14      1.02983    0.0294606   -0.0193435   0.00141298  0.000272529            0
     -1.305     -1.218          8     8.93375     1552.43      1.07583   -0.0387538  -0.00134218   0.00958989  -0.00242402            0
     -1.218     -1.131          8     8.98216     1483.13      1.06215   -0.0263344  -0.00365808   0.00894169  -0.00225672            0
     -1.131     -1.044          8     9.03793      1570.8      1.06965   -0.0377481  -0.00431377   0.00935407  -0.00198201            0
     -1.044     -0.957          8     9.01852     1651.97      1.09422   -0.0807541   0.00388972    0.0143099  -0.00333773            0
     -0.957     -0.879          8     9.20033     2146.53      1.06403   -0.0484769  -0.00148753   0.00906941  -0.00188078            0
     -0.879     -0.783          8     9.23276     2094.47      1.06161    -0.059339   0.00176722    0.0104653  -0.00227625            0
     -0.783     -0.696          8     9.46901     2202.96      1.03178   -0.0352976 -0.000608615   0.00805262  -0.00177015            0
     -0.696     -0.609          8     9.42586     2634.13      1.03265    -0.047535   0.00479469   0.00845007  -0.00203683            0
     -0.609     -0.522          8     9.32972     2650.36      1.01189   -0.0222164  0.000235007   0.00585637  -0.00133859            0
     -0.522     -0.435          8      9.5276      2870.7     0.971526    0.0154287  -0.00519916   0.00211634 -0.000387287            0
     -0.435     -0.348          8     9.47807     3069.64     0.986917   0.00061801  -0.00261021   0.00325174 -0.000695759            0
     -0.348     -0.261          8     9.53618     3039.76     0.962736    0.0103612  -0.00105985   0.00320385 -0.000936733            0
     -0.261     -0.174          8     9.41743      3040.2     0.923374    0.0571825  -0.00981884   -0.0014769  0.000397515            0
     -0.174     -0.087          8     9.52646     3025.48     0.926538    0.0487514  -0.00669621 -0.000451507 -4.44877e-05            0
     -0.087          0          8     9.59312     3044.34        1.003   -0.0373209   0.00883841   0.00740509  -0.00211679            0
          0      0.087          8     9.56933     3051.72     0.963815      0.01429  -0.00321923   0.00242542 -0.000563535            0
      0.087      0.174          8     9.58198     3046.62     0.995197   -0.0211438    0.0030081   0.00600263  -0.00152998            0
      0.174      0.261          8     9.43139     3050.04     0.975856   0.00156241  -0.00142877   0.00340914 -0.000757029            0
      0.261      0.348          8     9.49417     3066.84     0.967953    0.0129666  -0.00352125   0.00242449 -0.000527834            0
      0.348      0.435          8     9.48863     3046.77     0.961873    0.0187479  -0.00367775   0.00214022 -0.000619477            0
      0.435      0.522          8     9.43195     2631.12     0.968556    0.0157454  -0.00467474   0.00258795 -0.000580135            0
      0.522      0.609          8      9.2857     2604.99     0.999792  -0.00588136  -0.00324529   0.00420791 -0.000845253            0
      0.609      0.696          8     9.40062     2677.94      1.04231   -0.0486405   0.00260467   0.00850494  -0.00190012            0
      0.696      0.783          8     9.23383     2178.82      1.07297   -0.0811036   0.00701612    0.0126483  -0.00295124            0
      0.783      0.879          8     9.24124     2193.01      1.05402    -0.053382   0.00227155   0.00986761  -0.00225502            0
      0.879      0.957          8     9.07979     2162.41      1.07724   -0.0727744   0.00646465    0.0125449  -0.00321819            0
      0.957      1.044          8     9.08591     1608.79      1.09642   -0.0793004   0.00234598    0.0140172  -0.00314984            0
      1.044      1.131          8     8.87613     1618.92      1.09373   -0.0613045 -0.000454141    0.0120036   -0.0027555            0
      1.131      1.218          8     8.97835     1350.68      1.05661  -0.00923615  -0.00839867   0.00597598  -0.00128382            0
      1.218      1.305          8     8.98869     1080.76     0.391999      1.53151     -1.26772     0.442285   -0.0557755            0
      1.305      1.392          8     8.96399     1070.48      1.02804    0.0351864   -0.0210392   0.00105982  0.000382623            0
      1.392      1.479          8     8.92436     1046.79     0.445385      1.51363     -1.32628     0.478501   -0.0613401            0
      1.479      1.566          8     9.03252     1032.68      1.10928   -0.0764152  -0.00119852    0.0154748   -0.0036023            0
      1.566      1.653          8     9.02668     1043.99      1.08996   -0.0648104  -0.00067361    0.0150368  -0.00372471            0
      1.653       1.74          8      9.0726     795.101      1.05523   -0.0245331  -0.00792154    0.0117532  -0.00267497            0
       1.74       1.83          8     9.10149     744.824      1.02329    0.0183633   -0.0120299   0.00617521  -0.00168169            0
       1.83       1.93          8     8.99121     747.342      1.05887    -0.027449  -0.00144313    0.0115754  -0.00339738            0
       1.93      2.043          8     8.91107     576.647      1.04044  -0.00951504   -0.0051702     0.010886  -0.00326179            0
      2.043      2.172          8     8.95742     565.305      1.07166   -0.0394071  -0.00304034    0.0143778  -0.00407294            0
      2.172      2.322          8     8.66456     408.425      1.19556    -0.183852    0.0103172    0.0404687   -0.0106917            0
      2.322        2.5          8     8.43915     413.351      1.35612    -0.350297    0.0299893    0.0643559   -0.0169237            0
        2.5       2.65          8     8.38915     379.573      1.47154    -0.459041    0.0414144    0.0808345   -0.0212113            0
       2.65      2.853          8     8.42751     379.993       1.4258    -0.400636    0.0376292    0.0746119   -0.0202704            0
      2.853      2.964          8     8.04482     260.145      1.49147    -0.479441    0.0695818     0.107601   -0.0351535            0
      2.964      3.139          8     7.86661      215.79      1.27743   -0.0568053   -0.0359707    0.0106567  -0.00296817            0
      3.139      3.314          8     8.10544     202.391      1.11149     0.163222    -0.086719   -0.0429214    0.0151957            0
      3.314      3.489          8     8.38751     155.633     0.804525     0.556757    -0.166977    -0.146773    0.0572793            0
      3.489      3.664          8     8.85051     127.127      0.94168     0.142693   -0.0297869   -0.0224518  0.000803874            0
      3.664      3.839          8     9.10866     118.159     0.914937     0.123957   -0.0339979    -0.020911   0.00337492            0
      3.839      4.013          8     9.21077     80.2725     0.848525     0.159103   -0.0193724   -0.0233237  0.000158171            0
      4.013      4.191          8     8.96356     79.6331     0.888892     0.128666   -0.0394678   -0.0246573   0.00814965            0
      4.191      4.363          8     8.99786     69.6614     0.871651     0.153265   -0.0255003    -0.025628   0.00049275            0
      4.363      4.538          8     8.51753     64.7828     0.882899     0.183424   -0.0202048   -0.0314734  -0.00421729            0
      4.538      4.716          8     7.71732     47.3604     0.548605      0.79839   -0.0274724    -0.255336    0.0418484            0
      4.716      4.889          8     6.67549     26.5618     0.826312     0.387396     0.118823   -0.0110122    -0.058154            0
      4.889      5.191          8      5.9542     19.4265      1.90033    -0.089301    -0.593056    -0.233614     0.388276            0
