     -5.191     -4.889          8     4.33395     26.2275      1.59637     0.282875    -0.145336     -0.12619  -0.00226474            0
     -4.889     -4.716          8     5.59194      36.972     0.494621      1.31981  0.000660534    -0.448775    0.0420699            0
     -4.716     -4.538          8     7.10311      50.024      1.36292    -0.344568  -0.00110942     0.148174   -0.0489496            0
     -4.538     -4.363          8     7.70193      93.108      1.03201   -0.0380299   0.00104948    0.0301574   -0.0206826            0
     -4.363     -4.191          8     7.84732     83.4335      1.15028    -0.330441    0.0361242     0.111285   -0.0358554            0
     -4.191     -4.013          8     8.02333     104.105         1.23    -0.394647    0.0335696     0.110749   -0.0324156            0
     -4.013     -3.839          8     8.07346     142.271      1.12403    -0.291868    0.0553213    0.0931066   -0.0374399            0
     -3.839     -3.664          8     8.19352      186.68      1.20744    -0.327523    0.0400833    0.0841831   -0.0285259            0
     -3.664     -3.489          8     7.75423     206.913      1.02593   0.00557287   -0.0179995   0.00298232   -0.0023869            0
     -3.489     -3.314          8     7.10893      210.81      1.15934   -0.0548899   -0.0262167     0.012032  -0.00308647            0
     -3.314     -3.139          8     6.98593     302.248      1.16095    0.0649001   -0.0621793   -0.0187781   0.00684557            0
     -3.139     -2.964          8     6.51267     322.457      1.29191   -0.0361467   -0.0519152  -0.00400569   0.00412707            0
     -2.964     -2.853          8     6.79353     395.419      1.57475    -0.583305     0.102072     0.107885   -0.0351181            0
     -2.853      -2.65          8      7.2311     525.218      1.36416    -0.323439    0.0377853    0.0515818   -0.0140526            0
      -2.65       -2.5          8     7.22149     431.561      1.49382    -0.536994    0.0748239    0.0910342   -0.0261939            0
       -2.5     -2.322          8     7.58782     565.826      1.22546    -0.248232    0.0374799    0.0420827   -0.0122849            0
     -2.322     -2.172          8     7.75499     807.103      1.08288   -0.0910017    0.0164966    0.0176418  -0.00550342            0
     -2.172     -2.043          8     8.30042     785.477      1.02508   -0.0232195   0.00699658   0.00938787  -0.00344273            0
     -2.043      -1.93          8     7.98599     999.778      1.97647     -2.17485      1.76079    -0.599799    0.0729797            0
      -1.93      -1.83          8     8.39962     941.805       1.2226    -0.578953     0.540149    -0.197138    0.0244604            0
      -1.83      -1.74          8     7.97184     1024.33      2.22902     -2.77788      2.24036    -0.756172    0.0910021            0
      -1.74     -1.653          8     8.56288      1047.5     0.809086     0.210261    -0.030251   -0.0191615   0.00445915            0
     -1.653     -1.566          8     8.26389      1102.9     0.842245     0.173015   -0.0266545   -0.0145904   0.00337226            0
     -1.566     -1.479          8     7.89518     1585.01     0.986247    0.0325673   -0.0108861  0.000869172 -0.000197038            0
     -1.479     -1.392          8     7.81344     1536.82      1.13699    -0.112227    0.0070417    0.0165629  -0.00382962            0
     -1.392     -1.305          8     7.86568      1657.7      1.03361   0.00730919  -0.00818813    0.0021592 -0.000444959            0
     -1.305     -1.218          8      7.8187     1916.36      1.05839   -0.0136647  -0.00415681   0.00473909   -0.0012101            0
     -1.218     -1.131          8     8.32466     2146.21      1.00787    0.0377129   -0.0126177   8.6222e-05  1.21149e-05            0
     -1.131     -1.044          8     7.59008     2580.49      1.15955    -0.134547    0.0174792    0.0143387  -0.00357966            0
     -1.044     -0.957          8     8.02851     2607.15      1.07568   -0.0588518   0.00426616   0.00870333  -0.00210737            0
     -0.957     -0.879          8     7.98817     3140.85      1.00955  0.000804549  -0.00454968   0.00272366 -0.000566174            0
     -0.879     -0.783          8     8.06138     3107.96      1.07649   -0.0762128   0.00789424   0.00932882  -0.00212583            0
     -0.783     -0.696          8     8.19187     3132.75     0.711582     0.557575    -0.391937     0.117452   -0.0127445            0
     -0.696     -0.609          8     8.56031      3616.3      1.04099   -0.0490785   0.00465601    0.0065583  -0.00143432            0
     -0.609     -0.522          8      8.2837     3614.13      1.00714   -0.0329895   0.00705781   0.00528474   -0.0013985            0
     -0.522     -0.435          8     8.23009     3617.74     0.900985    0.0795185   -0.0126323  -0.00360884  0.000853678            0
     -0.435     -0.348          8     8.20378     3639.27     0.918767    0.0612327  -0.00977628  -0.00221156  0.000501558            0
     -0.348     -0.261          8     8.40817     3615.62      0.92036    0.0624067   -0.0107799  -0.00227648  0.000613718            0
     -0.261     -0.174          8     8.72881     3609.13     0.955385    0.0133379   0.00143249   0.00242767 -0.000971853            0
     -0.174     -0.087          8     8.78243     3601.51     0.767659     0.204053   -0.0303827   -0.0133081    0.0030752            0
     -0.087          0          8     8.73084     3630.31     0.946912    0.0282785  -0.00302435   0.00114887 -0.000485191            0
          0      0.087          8     8.50842     3629.91     0.927032    0.0446555  -0.00439861 -0.000122715 -0.000283618            0
      0.087      0.174          8     8.59472     3630.26     0.979634   -0.0133626   0.00545952   0.00462312  -0.00146055            0
      0.174      0.261          8     8.35683     3639.09     0.963208    0.0108103 -0.000489341   0.00200537  -0.00057514            0
      0.261      0.348          8     8.38299     3631.92     0.942791    0.0288169  -0.00348438  0.000358056 -9.77999e-05            0
      0.348      0.435          8     8.48034     3649.36     0.942133    0.0363116   -0.0064832    8.652e-05 -8.40951e-06            0
      0.435      0.522          8     8.41596     3621.85     0.916485    0.0612371  -0.00910921  -0.00221014  0.000474418            0
      0.522      0.609          8     8.34541      3640.2     0.973894    0.0132801  -0.00331417   0.00140744 -0.000291676            0
      0.609      0.696          8     8.14287     3664.52      1.05474    -0.067288    0.0102987   0.00776346  -0.00193004            0
      0.696      0.783          8     8.30118      3125.3      1.06947    -0.081248    0.0114977   0.00937903  -0.00227265            0
      0.783      0.879          8     8.10222     3147.73      1.05285   -0.0489584   0.00333319   0.00697088  -0.00155621            0
      0.879      0.957          8     8.07281     3077.28      1.01717   -0.0186766   0.00120469   0.00459505  -0.00117965            0
      0.957      1.044          8     7.81747     2606.26      1.13505    -0.124827    0.0157393    0.0144959  -0.00353765            0
      1.044      1.131          8     8.02215     2217.84      1.12302     -0.10905    0.0148216    0.0145814  -0.00387271            0
      1.131      1.218          8     7.84852     2055.81       1.0708   -0.0304247  -0.00200325   0.00700584  -0.00171904            0
      1.218      1.305          8     8.15398     2224.49       1.0598  -0.00534167   -0.0077214   0.00375489 -0.000826647            0
      1.305      1.392          8     8.02164     2019.51     0.759806     0.596799    -0.446854     0.138808   -0.0156538            0
      1.392      1.479          8     7.74531      1552.7      1.19739    -0.155201    0.0112976    0.0204165  -0.00482457            0
      1.479      1.566          8     8.09133     1735.78     0.987235    0.0504314   -0.0160612  -0.00187841  0.000651584            0
      1.566      1.653          8     8.35686     1085.62     0.961186    0.0659236   -0.0162602  -0.00262677  0.000732126            0
      1.653       1.74          8     8.21186     1045.56      1.01743    0.0243786    -0.013746   0.00199978 -0.000104471            0
       1.74       1.83          8     8.16337     1040.21     0.915057     0.102429   -0.0129798  -0.00596688  0.000818847            0
       1.83       1.93          8     7.93449      1034.8      1.80861     -1.83829       1.5185    -0.522889    0.0638637            0
       1.93      2.043          8     8.37117     1040.17     0.878105      0.15027   -0.0184985   -0.0130814   0.00239982            0
      2.043      2.172          8     8.11529     777.163      1.82918     -1.89839      1.56855    -0.543551    0.0672236            0
      2.172      2.322          8     7.72161     576.094      2.05502      -2.4237      2.01398    -0.706873    0.0889332            0
      2.322        2.5          8     7.49617     563.275      1.29339    -0.313508    0.0450236    0.0509087   -0.0145502            0
        2.5       2.65          8     7.49743     567.569      2.47059     -3.09605      2.45188    -0.840803     0.104801            0
       2.65      2.853          8     7.43761     397.753      1.33369    -0.299783    0.0325338    0.0542723   -0.0149887            0
      2.853      2.964          8     6.86054     291.734      3.53078     -5.87865      5.13099     -1.90368     0.253731            0
      2.964      3.139          8     7.10333     326.185       1.4338    -0.285359   0.00864618    0.0481886   -0.0145642            0
      3.139      3.314          8     6.76345     306.998      1.05607     0.253168    -0.124834   -0.0638023    0.0275538            0
      3.314      3.489          8     7.29091     220.815      1.28611    -0.256905    0.0194566     0.055452   -0.0188061            0
      3.489      3.664          8      7.5055     222.499       1.0742   0.00223927   -0.0483702   -0.0056234    0.0073266            0
      3.664      3.839          8     7.92913     172.375      1.11157    -0.139307  -0.00909457    0.0414957   -0.0131161            0
      3.839      4.013          8     8.11082     133.315      1.05619    -0.158464    0.0167678    0.0528522   -0.0202358            0
      4.013      4.191          8     8.07822      103.77     0.988633    -0.129044    0.0278799    0.0604645   -0.0258722            0
      4.191      4.363          8     7.50645     138.431      1.13827    -0.243919    0.0162003    0.0708557   -0.0222413            0
      4.363      4.538          8     7.56913     87.5862      1.18645    -0.303547    0.0253724     0.101625   -0.0337815            0
      4.538      4.716          8     6.67101     56.0563      1.05748    0.0467026    0.0072151    0.0264955   -0.0291842            0
      4.716      4.889          8     6.06086     39.7543      1.17659    0.0276236    0.0577205    0.0853497   -0.0548118            0
      4.889      5.191          8     4.21279     38.2217      2.10078    -0.734269   -0.0986972     0.255689   -0.0703254            0
