     -5.191     -4.889          8     7.03645     23.7114     -1.24547        3.592     0.491394     -1.52877     0.210059            0
     -4.889     -4.716          8     6.38847     34.7086    0.0713411      1.82427     0.103587      -0.6319    0.0699326            0
     -4.716     -4.538          8     7.75684     72.0764     0.777633     0.506245    0.0015608    -0.111346  -0.00229324            0
     -4.538     -4.363          8     8.01975     90.1591     0.995738     0.158479   -0.0363109   -0.0320484  -0.00391654            0
     -4.363     -4.191          8     8.25456     78.9373      1.04333     -0.11741    0.0221037    0.0589635   -0.0278298            0
     -4.191     -4.013          8     9.11912     99.1655      0.77194     0.173912   0.00484975   -0.0155627   -0.0063105            0
     -4.013     -3.839          8     8.49206     146.076     0.968353  -0.00654166   0.00209255    0.0176898   -0.0122348            0
     -3.839     -3.664          8     8.49334     182.076      1.16701    -0.229728    0.0189231    0.0604854   -0.0209626            0
     -3.664     -3.489          8     8.11095     198.613     0.971101     0.110476   -0.0339235   -0.0171067   0.00240401            0
     -3.489     -3.314          8     7.79165      212.27      1.06504     0.100136   -0.0479435   -0.0194748    0.0051957            0
     -3.314     -3.139          8     7.72148     301.582      1.02372     0.252857   -0.0916643   -0.0541227    0.0171835            0
     -3.139     -2.964          8      7.1801     315.396      1.16466     0.106486   -0.0601911   -0.0257271   0.00779716            0
     -2.964     -2.853          8     7.25761     384.462      1.39107    -0.349617    0.0685159    0.0724362   -0.0259802            0
     -2.853      -2.65          8     7.48029       524.5      1.42324    -0.406285     0.058456    0.0661563   -0.0193434            0
      -2.65       -2.5          8     7.75709     426.464      1.46766    -0.496242    0.0663762    0.0861953   -0.0247686            0
       -2.5     -2.322          8     7.86593     561.437      1.24979    -0.256113    0.0354971    0.0431904   -0.0124259            0
     -2.322     -2.172          8     8.20846     765.163      1.97982     -2.24345      1.85662    -0.647928    0.0810658            0
     -2.172     -2.043          8     8.71026     787.651      1.51973     -1.28386      1.13732    -0.414212    0.0531694            0
     -2.043      -1.93          8     8.50368      1004.9      1.76566     -1.74785      1.44928    -0.500681     0.061402            0
      -1.93      -1.83          8     8.34202     953.364      1.87149     -1.91447      1.55922    -0.533005    0.0647904            0
      -1.83      -1.74          8     8.19867     1016.56       1.1394    -0.103796    0.0140083     0.016766  -0.00488487            0
      -1.74     -1.653          8      8.3525     1038.21     0.910792      0.13157   -0.0236034   -0.0105341    0.0025719            0
     -1.653     -1.566          8     8.51863     1093.36     0.945993    0.0811546    -0.014025  -0.00492785  0.000925541            0
     -1.566     -1.479          8     8.42309     1600.14     0.994148    0.0359289   -0.0117073  0.000661191 -0.000190069            0
     -1.479     -1.392          8     8.09873     1522.76      1.12418    -0.101417   0.00791719    0.0161756  -0.00398103            0
     -1.392     -1.305          8     8.53003     1643.96      1.03452     0.024756   -0.0152518   0.00132335 -3.87196e-05            0
     -1.305     -1.218          8     8.08981     1871.73      1.07873   -0.0294655  -0.00134822   0.00572846  -0.00143683            0
     -1.218     -1.131          8     8.04583     2162.12      1.09303   -0.0402052  -0.00212314   0.00722151  -0.00162877            0
     -1.131     -1.044          8     8.38248     2570.79      1.05869   -0.0300378  0.000103701   0.00579473  -0.00142383            0
     -1.044     -0.957          8     8.12759     2606.35      1.08018   -0.0610209   0.00416349   0.00877766  -0.00207728            0
     -0.957     -0.879          8     8.44292      3135.8      1.04186   -0.0232392  -0.00280917   0.00458933 -0.000888178            0
     -0.879     -0.783          8     8.44159     3105.85      1.03249   -0.0352381   0.00223435   0.00602443  -0.00136814            0
     -0.783     -0.696          8     8.57325     3133.46     0.977629    0.0246154  -0.00959507  0.000858384   4.5906e-05            0
     -0.696     -0.609          8     8.87324     3615.87     0.994383  -0.00296924  -0.00295746   0.00302389 -0.000561897            0
     -0.609     -0.522          8      8.7979     3593.37     0.994998   -0.0121998   0.00119221   0.00383755 -0.000899516            0
     -0.522     -0.435          8      8.8984     3609.52     0.986412  0.000685215  -0.00196932   0.00246657 -0.000486831            0
     -0.435     -0.348          8     8.62069     3640.54         0.95    0.0367623  -0.00825589  -0.00035327  0.000216519            0
     -0.348     -0.261          8     8.90473     3610.36     0.964718    0.0206765  -0.00509406  0.000933581 -9.51976e-05            0
     -0.261     -0.174          8     9.13163     3607.29     0.899114    0.0637287  -0.00484343  -0.00120242 -0.000265545            0
     -0.174     -0.087          8      9.0639     3597.76     0.879275    0.0940066   -0.0133746  -0.00430093   0.00087723            0
     -0.087          0          8     9.40394     3626.96     0.754186     0.405346    -0.263989    0.0769727  -0.00832122            0
          0      0.087          8      9.1552     3626.87     0.935629    0.0456383  -0.00765849 -0.000457897  3.99843e-05            0
      0.087      0.174          8     9.04108     3626.74     0.984222   -0.0244191     0.008136   0.00564542   -0.0017367            0
      0.174      0.261          8     8.64814     3637.02      1.06497   -0.0900848    0.0157772    0.0103806  -0.00272658            0
      0.261      0.348          8     8.79755     3627.25     0.909167    0.0693222   -0.0117063  -0.00288978  0.000785091            0
      0.348      0.435          8     9.14474     3649.28     0.935279     0.044781   -0.0084496 -0.000596427  0.000205349            0
      0.435      0.522          8      8.7324     3621.47      0.91406    0.0693068   -0.0118383  -0.00295954  0.000747733            0
      0.522      0.609          8     9.09025        3628      0.94009    0.0508261   -0.0109193  -0.00124967   0.00044296            0
      0.609      0.696          8     8.67416     3657.59      1.03143   -0.0461534   0.00664755    0.0062302  -0.00152503            0
      0.696      0.783          8     9.08479     3111.52     0.681352     0.566774    -0.375588     0.108167   -0.0114177            0
      0.783      0.879          8     8.81085     3164.59      1.06991   -0.0716956   0.00812686   0.00892225  -0.00207549            0
      0.879      0.957          8     8.56315      3072.8      1.07929   -0.0741552    0.0086435   0.00928968  -0.00227937            0
      0.957      1.044          8     8.25494     2607.98      1.13219    -0.118424    0.0144343    0.0141184  -0.00346331            0
      1.044      1.131          8     8.19508     2205.27      1.14409    -0.119331    0.0138297    0.0154189  -0.00388378            0
      1.131      1.218          8     8.60807     2040.68      1.03316    0.0182659   -0.0108452   0.00214898 -0.000435357            0
      1.218      1.305          8     8.71159     2207.94     0.841429     0.397071    -0.277317    0.0831352  -0.00949344            0
      1.305      1.392          8     8.11829     2084.33      1.04499    0.0191729   -0.0152553  0.000917994  0.000235301            0
      1.392      1.479          8       8.153      1542.7       1.1218    -0.100627    0.0113111    0.0154765  -0.00416844            0
      1.479      1.566          8     8.35249      1723.4      1.11866   -0.0866658   0.00653256    0.0131214   -0.0033878            0
      1.566      1.653          8     8.54563     1065.42      1.04245   -0.0199584  0.000598938   0.00762337  -0.00241108            0
      1.653       1.74          8     8.40346     1039.68      1.06955   -0.0197063  -0.00741783   0.00727199  -0.00151123            0
       1.74       1.83          8     8.32943     1032.17     0.942191    0.0996166   -0.0159727  -0.00641466   0.00114479            0
       1.83       1.93          8     8.36888     1029.92     0.939762     0.115532   -0.0192421  -0.00916671   0.00184422            0
       1.93      2.043          8     8.67849     1031.04     0.909239     0.138001   -0.0214052    -0.012307   0.00267034            0
      2.043      2.172          8     8.51949     768.144      1.00564    0.0019655   0.00438578    0.0066204  -0.00287344            0
      2.172      2.322          8     8.41091     787.978      1.41301    -0.997789      0.88667    -0.325446    0.0421193            0
      2.322        2.5          8     7.84853     563.225      1.28187    -0.277789    0.0346211    0.0455937   -0.0126485            0
        2.5       2.65          8     7.69196     547.375      2.65088     -3.44546       2.6941    -0.911321     0.112113            0
       2.65      2.853          8     7.78417     394.441      1.33243    -0.321431    0.0476133    0.0617081    -0.019087            0
      2.853      2.964          8     7.33355     292.204      1.33908    -0.267221    0.0451103    0.0617235   -0.0212969            0
      2.964      3.139          8     7.49709     337.618      1.07871     0.194006   -0.0686994   -0.0399401    0.0111953            0
      3.139      3.314          8     7.19251     292.103      1.04094     0.291869    -0.129756   -0.0715245     0.029368            0
      3.314      3.489          8     7.94626     215.853     0.977493     0.169804   -0.0388282   -0.0302133   0.00523316            0
      3.489      3.664          8     8.01806     226.166     0.995442    0.0971521   -0.0423935   -0.0177337    0.0046348            0
      3.664      3.839          8     8.40498     170.813     0.914587     0.119523   -0.0288051   -0.0172689   0.00181655            0
      3.839      4.013          8     8.57255     130.087      1.11911    -0.181922   0.00827594    0.0562486   -0.0191834            0
      4.013      4.191          8     8.54413     101.707      1.00108   -0.0640342    0.0135357    0.0409179   -0.0212801            0
      4.191      4.363          8     8.40723     134.857      1.03762   -0.0924037   0.00947476    0.0408825   -0.0166078            0
      4.363      4.538          8     7.84242     74.1818      1.13094    -0.155898    0.0147399    0.0778056   -0.0326085            0
      4.538      4.716          8     7.43479     49.7731     0.871848     0.293505    0.0464626   -0.0255177   -0.0319115            0
      4.716      4.889          8     6.49723     49.1006      0.82457      0.61144    0.0487658    -0.127471   -0.0137355            0
      4.889      5.191          8     5.50985     36.2454     0.514357         1.56   -0.0490688    -0.586515    0.0745247            0
