     -5.191     -4.889          8     4.61866     23.4421       2.0525     -2.60107     0.315094      1.50134    -0.538206            0
     -4.889     -4.716          8     4.90128     23.5415       2.0278     -2.94726     0.736106       1.7898    -0.911937            0
     -4.716     -4.538          8     5.33663      50.116      1.68342      -1.8842     0.299396     0.708177    -0.256306            0
     -4.538     -4.363          8     5.80454     86.8094      1.53344     -1.56984     0.220526     0.440283     -0.12744            0
     -4.363     -4.191          8     6.33022     76.1811      1.55385     -1.69763     0.238328     0.525587    -0.164263            0
     -4.191     -4.013          8     7.34367     96.4661      1.44773     -1.63276     0.292903     0.492824     -0.16621            0
     -4.013     -3.839          8     7.10739     137.802      1.40984     -1.56514     0.312929      0.42045    -0.140726            0
     -3.839     -3.664          8     7.10263     179.213      1.34271     -1.44307     0.304762     0.357773    -0.118053            0
     -3.664     -3.489          8     6.78749     212.771      1.26424     -1.32475     0.318248     0.306355    -0.104022            0
     -3.489     -3.314          8     6.79497     208.603      1.19922     -1.18291     0.283369      0.27856   -0.0924853            0
     -3.314     -3.139          8     6.34179     277.098      2.11287     -4.06168      3.56511     -1.27215     0.165503            0
     -3.139     -2.964          8     5.58397     262.095      2.49858     -5.18366      4.83912     -1.81914     0.245559            0
     -2.964     -2.853          8      4.6218     263.587      2.21334     -4.09368      3.80047     -1.41241     0.188849            0
     -2.853      -2.65          8     4.59132     508.876      2.05856     -3.40336       2.8621    -0.961094     0.115614            0
      -2.65       -2.5          8       4.699     405.881      1.76078     -2.52821       2.0866    -0.688971    0.0821969            0
       -2.5     -2.322          8     4.24647     523.397      1.85133     -2.71128      2.28835    -0.777226    0.0948674            0
     -2.322     -2.172          8     3.94619     704.231      1.68044     -2.07644      1.71391    -0.571375    0.0684506            0
     -2.172     -2.043          8     3.81387     736.724      1.55975     -1.54557       1.2413    -0.409804    0.0489638            0
     -2.043      -1.93          8     3.66051     920.128      1.26087     -0.46071     0.276855   -0.0752861   0.00817159            0
      -1.93      -1.83          8     3.45255     850.646      1.22467    -0.412446     0.394727    -0.171811    0.0261562            0
      -1.83      -1.74          8     3.52983      915.24     0.951911     0.572172    -0.481811     0.132223   -0.0109277            0
      -1.74     -1.653          8     3.61782     940.567     0.924169     0.733478     -0.62414     0.180579   -0.0170901            0
     -1.653     -1.566          8     3.25999      992.08     0.982756     0.626204    -0.516236     0.128618  -0.00852183            0
     -1.566     -1.479          8     3.52859     1373.49     0.881055     0.974001    -0.871566     0.276881   -0.0299441            0
     -1.479     -1.392          8     3.11418      1320.3      1.27475    -0.121825     0.118126   -0.0765705    0.0138468            0
     -1.392     -1.305          8      3.2102     1456.62       1.2665    -0.108731    0.0732161   -0.0471623   0.00870841            0
     -1.305     -1.218          8     3.31019     1881.01      1.21955    -0.030018   -0.0238322  0.000274765   0.00144325            0
     -1.218     -1.131          8     3.58812     1802.97      1.07529    0.0812298   -0.0371721  -0.00820686   0.00338843            0
     -1.131     -1.044          8     3.59389     2210.37      1.15158    -0.193725     0.170165   -0.0675286   0.00912905            0
     -1.044     -0.957          8     3.64195     2323.28       1.1731     -0.45681     0.440637     -0.16537    0.0210133            0
     -0.957     -0.879          8     3.61079     2625.06      1.22978    -0.381349     0.257433   -0.0775235   0.00857404            0
     -0.879     -0.783          8       3.435     2812.09      1.32209    -0.728209     0.563328    -0.179591    0.0202785            0
     -0.783     -0.696          8     3.94432     2806.96      1.06603    -0.226767     0.205152   -0.0718556   0.00867036            0
     -0.696     -0.609          8     3.96056     3241.39      1.12249    -0.425147     0.359891    -0.117021    0.0131875            0
     -0.609     -0.522          8     3.86876     3262.35      1.13056    -0.427039     0.352047    -0.112724    0.0125937            0
     -0.522     -0.435          8       3.991     3274.93      1.14562    -0.482399     0.400059    -0.128413     0.014315            0
     -0.435     -0.348          8     4.12633     3314.98     0.951818    -0.141666     0.186339   -0.0720696   0.00900983            0
     -0.348     -0.261          8     3.95765     3292.38     0.993599    -0.196266     0.213583     -0.07835   0.00960003            0
     -0.261     -0.174          8     3.99077     3294.01      1.22352    -0.685271     0.556974    -0.176913    0.0195197            0
     -0.174     -0.087          8     4.10889     3285.35      1.04321    -0.397193     0.393234    -0.137737     0.016221            0
     -0.087          0          8     3.93704     3306.11       1.1967    -0.677795     0.556373    -0.175655    0.0192958            0
          0      0.087          8     4.22629     3311.99      1.05117    -0.395834      0.36737    -0.122551    0.0139117            0
      0.087      0.174          8     3.94737     3312.91       1.2978    -0.859083     0.675835      -0.2096    0.0227085            0
      0.174      0.261          8     4.22746     3321.03      1.14664    -0.385917     0.268672   -0.0744688   0.00733405            0
      0.261      0.348          8      3.8327     3305.63      1.08653    -0.469493       0.4369    -0.149631     0.017496            0
      0.348      0.435          8     3.88691     3320.52      1.11323    -0.418127     0.354058    -0.115532    0.0130882            0
      0.435      0.522          8     3.85183     3269.01      1.13952    -0.496924     0.427207    -0.140815    0.0160368            0
      0.522      0.609          8     3.93312     3264.63     0.982115    -0.132273     0.166717   -0.0659606   0.00847478            0
      0.609      0.696          8     3.76159     3238.19      1.19443    -0.551869     0.452133    -0.146297    0.0164948            0
      0.696      0.783          8     4.23493     2804.13     0.880629     0.111467    -0.022043  -0.00652197   0.00193347            0
      0.783      0.879          8     3.85322     2797.22      1.14245    -0.330749     0.274795   -0.0929279    0.0109521            0
      0.879      0.957          8     3.69032      2723.8      1.11275     -0.17742     0.129411   -0.0431713   0.00527115            0
      0.957      1.044          8     3.51824      2220.7      1.20184    -0.442877     0.388037     -0.13936    0.0174198            0
      1.044      1.131          8     3.66673     1942.78      1.25283    -0.411844      0.32993    -0.115804    0.0143216            0
      1.131      1.218          8     3.46124     1798.02      1.23929    -0.327596     0.275781    -0.104521    0.0138134            0
      1.218      1.305          8     3.39416     1933.44      1.29685     -0.27033     0.187205    -0.070736   0.00953337            0
      1.305      1.392          8     3.29276     1806.29      1.20287    0.0269579   -0.0406627  -0.00585604   0.00332798            0
      1.392      1.479          8     3.16972     1374.49      1.15041     0.131559   -0.0703345   -0.0180338   0.00748342            0
      1.479      1.566          8     3.55083     1493.09     0.842955      1.11335     -0.99837     0.320805   -0.0352443            0
      1.566      1.653          8     3.12028     970.885      1.14657     0.162528   -0.0930904   -0.0259688     0.011083            0
      1.653       1.74          8     3.29039     926.687     0.995532      0.52354    -0.380772    0.0693231  6.11899e-05            0
       1.74       1.83          8     3.38622     944.346      1.09338     0.134752   -0.0723316   -0.0199735   0.00874891            0
       1.83       1.93          8     3.73146     951.853      1.09823 -0.000915341   -0.0247505 -0.000944916   0.00199756            0
       1.93      2.043          8     3.49405      938.85      1.18757    -0.184984    0.0145388     0.019803  -0.00363942            0
      2.043      2.172          8     3.72773     694.262      1.57512     -1.57144       1.2896    -0.438425    0.0539494            0
      2.172      2.322          8     4.04372     720.884      1.69237     -2.09949      1.74771    -0.587833    0.0708195            0
      2.322        2.5          8     4.16694     512.691      1.79241      -2.4784      2.04901    -0.682252     0.081905            0
        2.5       2.65          8     4.27032     516.774      2.10339     -3.35923      2.79508    -0.938884     0.113168            0
       2.65      2.853          8     4.41532     377.851      2.00751     -3.21029      2.67514    -0.894195     0.107795            0
      2.853      2.964          8     4.51349     255.393      2.18649     -3.92628      3.58388     -1.30838     0.172205            0
      2.964      3.139          8     5.84902     281.589      2.12105     -4.26353      4.06891      -1.5568     0.215133            0
      3.139      3.314          8      6.1506     296.602      2.04394      -3.7062      3.09499     -1.04045     0.126965            0
      3.314      3.489          8     6.80893     212.801      1.10175     -1.05559     0.269361     0.252225   -0.0864068            0
      3.489      3.664          8     6.96505     178.402      1.34868     -1.44925     0.333583      0.33841    -0.113859            0
      3.664      3.839          8     7.12305     169.255      1.25344     -1.27917     0.262172     0.313963   -0.0999705            0
      3.839      4.013          8     7.08242     131.769      1.43186     -1.60125     0.317077     0.431386    -0.144034            0
      4.013      4.191          8     6.90189     100.106      1.48251     -1.65149     0.280269      0.48276    -0.155554            0
      4.191      4.363          8     6.58113     133.493      1.38047     -1.44318      0.25739     0.387077     -0.12051            0
      4.363      4.538          8     5.93442     58.5008      1.66026     -1.90555     0.310069     0.625405    -0.214653            0
      4.538      4.716          8     5.12029     50.4054      1.70046     -1.96125     0.347312      0.76092    -0.294579            0
      4.716      4.889          8     4.76503     46.3522      1.82342     -2.25692     0.473162     0.995209    -0.389703            0
      4.889      5.191          8      4.5245     18.5527      2.15145     -3.16372     0.646318      2.24159     -1.13151            0
