     -5.191     -4.889          8     5.37062     27.8644      2.02981    -0.544129    -0.199846     0.212821    -0.050183            0
     -4.889     -4.716          8      6.4138     25.5257      1.18273     0.209945   -0.0988243   -0.0626748    0.0711522            0
     -4.716     -4.538          8     7.77684     40.3785     0.982761     0.212662   -0.0318545   -0.0449484   -0.0013394            0
     -4.538     -4.363          8     8.60141     55.0542      0.97925     0.120844   -0.0691162   -0.0366125    0.0193788            0
     -4.363     -4.191          8     9.10363     79.8164      1.07195    -0.143157   0.00234213    0.0686958   -0.0270512            0
     -4.191     -4.013          8     9.39388     90.0758      1.02681    -0.118783    0.0145927    0.0572988   -0.0254385            0
     -4.013     -3.839          8     9.40269     95.2233      1.08008    -0.182409    0.0169735    0.0738177   -0.0281932            0
     -3.839     -3.664          8     9.26016     129.019       1.0816    -0.136121   0.00941582    0.0511227   -0.0205042            0
     -3.664     -3.489          8     8.93489     127.832      1.16259     -0.17112    0.0106607    0.0590436   -0.0238788            0
     -3.489     -3.314          8     8.51118     167.538      1.16744   -0.0751323   -0.0139454    0.0248195  -0.00995814            0
     -3.314     -3.139          8     8.15513     191.398      1.25608   -0.0972016   -0.0228911      0.01967  -0.00745506            0
     -3.139     -2.964          8     7.97928     229.546      1.30274    -0.143351  -0.00278746    0.0334761   -0.0136869            0
     -2.964     -2.853          8     8.19835     201.749      1.52996    -0.550016    0.0749942     0.134902   -0.0430809            0
     -2.853      -2.65          8     8.49496     292.614      1.28596    -0.216939   0.00154577    0.0437543  -0.00956615            0
      -2.65       -2.5          8     8.76936     396.998       1.4784    -0.548443    0.0779659     0.103669   -0.0308488            0
       -2.5     -2.322          8      9.0343     406.012      1.34085    -0.413164    0.0602638    0.0803537   -0.0238284            0
     -2.322     -2.172          8     9.14333     417.454      1.27301    -0.356373    0.0581373    0.0726093   -0.0221697            0
     -2.172     -2.043          8      9.2868     562.275      1.11516    -0.151405    0.0279249    0.0334131   -0.0105636            0
     -2.043      -1.93          8     9.29059     583.264      1.04025    -0.045277   0.00819888     0.015019  -0.00488159            0
      -1.93      -1.83          8     9.31087     785.476      1.00983  -0.00211953   0.00241584   0.00707871  -0.00262475            0
      -1.83      -1.74          8     9.27935     752.084      1.00162    0.0172404  -0.00500138   0.00386637  -0.00125168            0
      -1.74     -1.653          8      9.3204     997.868      1.00003    0.0209048  -0.00876824    0.0027421 -0.000518948            0
     -1.653     -1.566          8     9.36284     1006.39      1.01301    0.0022148  -0.00597796    0.0059708  -0.00165464            0
     -1.566     -1.479          8     9.30186     1053.83     0.987577    0.0573723   -0.0224988  -0.00542836   0.00259406            0
     -1.479     -1.392          8      9.1693     1040.21      1.08224   -0.0579761  -0.00132402    0.0126031  -0.00303671            0
     -1.392     -1.305          8     9.09956     1071.16      1.07102   -0.0336743  -0.00478965   0.00911558  -0.00215338            0
     -1.305     -1.218          8     9.09498     1556.78      1.05093   -0.0135454   -0.0041136   0.00621153   -0.0015789            0
     -1.218     -1.131          8     9.17882     1488.55      1.07596   -0.0464551  0.000971287    0.0100276  -0.00247255            0
     -1.131     -1.044          8     9.22892     1574.59      1.07312   -0.0486185  8.07801e-05    0.0101272  -0.00237886            0
     -1.044     -0.957          8     9.25122     1655.03      1.07632   -0.0610837   0.00151478    0.0114333   -0.0025765            0
     -0.957     -0.879          8     9.34798      2141.8      1.07812   -0.0724714   0.00545918    0.0113031  -0.00264312            0
     -0.879     -0.783          8     9.40187     2117.52      1.05824   -0.0568769   0.00241703   0.00964986  -0.00212057            0
     -0.783     -0.696          8      9.5347      2193.1      1.02151    -0.026194  -0.00156416   0.00678869  -0.00143436            0
     -0.696     -0.609          8     9.56977     2637.15      1.02167   -0.0332382   0.00200666   0.00700818  -0.00163186            0
     -0.609     -0.522          8     9.62487     2643.49     0.987015   0.00357736  -0.00475858   0.00336223 -0.000575061            0
     -0.522     -0.435          8     9.65826     2866.34      0.98181    0.0016477  -0.00201045   0.00336449 -0.000749773            0
     -0.435     -0.348          8     9.70833      3069.7     0.969914    0.0124494  -0.00378802   0.00239064 -0.000492563            0
     -0.348     -0.261          8     9.73357     3044.07     0.947934    0.0375544  -0.00845867 -0.000427799  0.000336441            0
     -0.261     -0.174          8     9.73118     3041.69     0.924402    0.0610557    -0.011418  -0.00236691  0.000696432            0
     -0.174     -0.087          8     9.76692     3026.86      0.91935    0.0686549   -0.0142154   -0.0032367   0.00113392            0
     -0.087          0          8      9.7265     3046.63      0.94172    0.0400385  -0.00821984 -0.000479589  0.000338368            0
          0      0.087          8     9.72783     3053.49     0.926778     0.056193   -0.0109378  -0.00196794  0.000678187            0
      0.087      0.174          8     9.76865     3048.88     0.948618     0.029944   -0.0052255  0.000598749 -0.000124174            0
      0.174      0.261          8      9.8452     3050.27     0.926619    0.0554983    -0.010257  -0.00177586  0.000557923            0
      0.261      0.348          8     9.75475     3069.16      0.94191    0.0435496  -0.00968636 -0.000936155  0.000477573            0
      0.348      0.435          8     9.71226     3049.15     0.958439    0.0269333  -0.00650048  0.000578277  2.73991e-07            0
      0.435      0.522          8     9.66026     2630.36     0.967374    0.0169048  -0.00489409    0.0022349 -0.000469142            0
      0.522      0.609          8     9.60395     2582.62     0.963592    0.0290392  -0.00853312  0.000726157  8.18955e-05            0
      0.609      0.696          8     9.58022     2524.36     0.998382  -0.00415818   -0.0034564   0.00403756 -0.000823926            0
      0.696      0.783          8     9.52518     2170.86      1.01663   -0.0217998  -0.00169497   0.00640771  -0.00138546            0
      0.783      0.879          8     9.45037     2179.15       1.0429   -0.0414561   0.00112678   0.00830679   -0.0019008            0
      0.879      0.957          8      9.3472     2163.34      1.06196   -0.0605703   0.00663935    0.0108292  -0.00291308            0
      0.957      1.044          8     9.29754     1612.46      1.05614   -0.0369605  -0.00281292   0.00870808  -0.00183647            0
      1.044      1.131          8     9.14323     1607.36      1.07651   -0.0510177  0.000470803    0.0103427  -0.00245938            0
      1.131      1.218          8     9.12719     1353.01      1.06594   -0.0318053  -0.00226431    0.0083716   -0.0019906            0
      1.218      1.305          8     9.11811     1079.75      1.07888   -0.0396955  -0.00227648    0.0104755  -0.00258792            0
      1.305      1.392          8     9.10981     1076.37      1.06924   -0.0105769   -0.0142455   0.00416426 -0.000109187            0
      1.392      1.479          8     9.14371      1042.4      1.05687  -0.00553737    -0.015857   0.00346162  0.000317693            0
      1.479      1.566          8     9.24518     1072.79      1.06882   -0.0383836  -0.00565077    0.0090014  -0.00180583            0
      1.566      1.653          8     9.22052     1018.06      1.05392   -0.0323288  -0.00191315   0.00964248  -0.00254646            0
      1.653       1.74          8     9.24839     794.832      1.03231   -0.0169314  -0.00252961    0.0103863  -0.00290304            0
       1.74       1.83          8     9.20267     787.903      1.03373   -0.0208753   0.00271037    0.0104073   -0.0034452            0
       1.83       1.93          8     9.16822     755.116      1.04019   -0.0265455    0.0051722    0.0103561  -0.00355867            0
       1.93      2.043          8     9.21755     581.289      1.06311   -0.0663167    0.0118937    0.0195641  -0.00644247            0
      2.043      2.172          8     9.13478     556.618      1.11288    -0.129281    0.0216198    0.0287578  -0.00904246            0
      2.172      2.322          8     9.03283     410.385      1.23994    -0.292685    0.0445602    0.0604169   -0.0183095            0
      2.322        2.5          8     8.91738     409.957       1.3302     -0.37356    0.0491691    0.0719187   -0.0209095            0
        2.5       2.65          8     8.69229     379.585      1.46773    -0.517877    0.0700833    0.0968423   -0.0284232            0
       2.65      2.853          8     8.49664     380.007      1.24819    -0.154572  -0.00666849    0.0268328   -0.0044442            0
      2.853      2.964          8     8.18661     259.642      1.54621    -0.597559     0.108443     0.135002   -0.0465061            0
      2.964      3.139          8     8.02467     208.974      1.29979    -0.143034  -0.00600075    0.0337049   -0.0124659            0
      3.139      3.314          8     8.17971      202.71      1.24681   -0.0846909   -0.0257064    0.0163859   -0.0062746            0
      3.314      3.489          8      8.5549     155.496      1.02139     0.162566   -0.0723795   -0.0398635    0.0166961            0
      3.489      3.664          8     8.93682      124.67      1.12894    -0.122362  -0.00101099    0.0451168   -0.0174956            0
      3.664      3.839          8     9.25949     100.543      1.12206    -0.199317    0.0138531    0.0758554   -0.0283871            0
      3.839      4.013          8     9.40788     98.9387      1.09503    -0.204229    0.0186167    0.0795703   -0.0291121            0
      4.013      4.191          8     9.37005     89.3625      1.09058     -0.20961    0.0191522    0.0819707   -0.0295215            0
      4.191      4.363          8     9.13457     83.0389      1.06472    -0.137351   0.00386327    0.0662544   -0.0266936            0
      4.363      4.538          8     8.66243     68.2234      1.08746    -0.107372  -0.00980135    0.0630291   -0.0258027            0
      4.538      4.716          8     7.84082     43.5852      0.98136     0.206596   -0.0348841   -0.0427932   0.00357777            0
      4.716      4.889          8     6.52409     25.1383      1.17613      0.22005   -0.0927478   -0.0673251    0.0590705            0
      4.889      5.191          8     5.42027     25.3013      1.06524     0.949609    -0.126181    -0.447105    0.0675004            0
