     -5.191     -4.889          8     4.41503     23.7114       1.6283     0.311358    -0.130223    -0.138709   -0.0261451            0
     -4.889     -4.716          8     5.47572     30.6828     0.693163      1.09679    0.0186182     -0.36401    0.0242422            0
     -4.716     -4.538          8     6.83463     72.0764      1.42351    -0.374033    0.0151864     0.149174   -0.0466195            0
     -4.538     -4.363          8     7.61502     90.1591      1.26057    -0.264936   0.00244491    0.0840809   -0.0283252            0
     -4.363     -4.191          8     7.82471     84.3049      1.11645    -0.211837    0.0199851    0.0782132   -0.0291625            0
     -4.191     -4.013          8     8.69158     98.8607      1.10507    -0.218179    0.0176469    0.0794415   -0.0270454            0
     -4.013     -3.839          8     8.28416     146.076      1.30843    -0.536343     0.100381     0.157862   -0.0617156            0
     -3.839     -3.664          8     7.94854     181.837      1.37624    -0.558466    0.0848341     0.134791   -0.0466147            0
     -3.664     -3.489          8     7.63583     200.566      1.17676    -0.191705    0.0199581    0.0460043   -0.0172975            0
     -3.489     -3.314          8     7.90452     210.671       1.0346     0.109936   -0.0415602   -0.0189816   0.00364995            0
     -3.314     -3.139          8     7.28668     301.582     0.919653     0.439456      -0.1528   -0.0976041    0.0374215            0
     -3.139     -2.964          8     6.71903     309.278      1.28601   -0.0400271   -0.0413097 -0.000181571  0.000483498            0
     -2.964     -2.853          8     7.04575     383.639      1.51353    -0.481885     0.086637     0.093519   -0.0319528            0
     -2.853      -2.65          8     7.44313       524.5      1.35481    -0.314159    0.0421543    0.0521504   -0.0152026            0
      -2.65       -2.5          8     7.49427     426.364      1.44388     -0.48279     0.069811    0.0851699   -0.0251438            0
       -2.5     -2.322          8     7.79582     563.316      1.23857    -0.257357    0.0393839    0.0442604   -0.0130811            0
     -2.322     -2.172          8      8.0121     796.896      1.04283   -0.0479411    0.0127969    0.0125948  -0.00450466            0
     -2.172     -2.043          8     8.41326      786.51        2.055     -2.50618      2.11595    -0.745417    0.0935828            0
     -2.043      -1.93          8     8.56618     1002.44      1.30985    -0.855837     0.804158    -0.296769    0.0376507            0
      -1.93      -1.83          8     8.28698     920.974      1.82816     -1.92062      1.60705    -0.557043     0.068226            0
      -1.83      -1.74          8     7.88411     1015.64      1.05592   -0.0240682   0.00525802   0.00737283  -0.00268179            0
      -1.74     -1.653          8     8.22267     1035.51     0.979081    0.0506645  -0.00933111 -0.000949291  -8.1426e-05            0
     -1.653     -1.566          8     8.21734     1098.45      0.97451    0.0593991   -0.0151244  -0.00191313  0.000502999            0
     -1.566     -1.479          8     8.47215     1600.21      1.08496   -0.0513747  -0.00129581   0.00996248  -0.00232649            0
     -1.479     -1.392          8     7.90143     1516.09      1.12379   -0.0925628   0.00402874    0.0148046  -0.00338653            0
     -1.392     -1.305          8     8.59807     1647.68     0.501306      1.09821    -0.799524     0.247075   -0.0279394            0
     -1.305     -1.218          8     8.04516     1889.97      1.52209     -0.92203     0.631984    -0.184366     0.019075            0
     -1.218     -1.131          8     8.05042     2162.11      1.09106   -0.0471832   0.00175021   0.00844116  -0.00222786            0
     -1.131     -1.044          8     7.90705     2570.29      1.09551    -0.073554   0.00884159   0.00961965   -0.0025252            0
     -1.044     -0.957          8      8.1039     2605.77      1.06606   -0.0495855   0.00377361   0.00792409  -0.00202548            0
     -0.957     -0.879          8      8.7424      3135.8      1.01561  0.000394175    -0.006541   0.00293934  -0.00047617            0
     -0.879     -0.783          8     8.43556      3084.3      1.04769   -0.0464476   0.00297939   0.00689162  -0.00150603            0
     -0.783     -0.696          8     8.26358     3130.12      1.05069   -0.0545547    0.0047287   0.00732877   -0.0016307            0
     -0.696     -0.609          8     8.87256     3541.81     0.966829    0.0200478  -0.00575414   0.00134187 -0.000192122            0
     -0.609     -0.522          8     8.70741     3606.91      1.00359   -0.0179982   0.00103889   0.00417462 -0.000900367            0
     -0.522     -0.435          8     8.83113     3609.89      0.96853    0.0147149   -0.0032198   0.00133884  -0.00027139            0
     -0.435     -0.348          8     8.94828     3638.71       0.9232    0.0611716   -0.0115923  -0.00200474  0.000559621            0
     -0.348     -0.261          8     8.76015     3610.75     0.940281    0.0473295   -0.0101623   -0.0010329  0.000431641            0
     -0.261     -0.174          8     8.92586     3607.57     0.918178     0.041732  -0.00127218  0.000309355 -0.000551592            0
     -0.174     -0.087          8     9.27864     3597.32     0.885455    0.0913775   -0.0140507  -0.00416239  0.000925139            0
     -0.087          0          8     8.88458     3626.13     0.925946    0.0459278  -0.00576095 -0.000183427 -0.000132041            0
          0      0.087          8     8.80397     3625.68     0.914754    0.0557422  -0.00665663  -0.00096048 -1.91665e-05            0
      0.087      0.174          8     9.03479     3626.37     0.971102  -0.00437671   0.00349498   0.00389697  -0.00122665            0
      0.174      0.261          8     8.64899     3636.05      0.95366    0.0205506  -0.00251985   0.00129236  -0.00038103            0
      0.261      0.348          8     8.77457     3628.15     0.882348    0.0989403   -0.0173195  -0.00512803   0.00137655            0
      0.348      0.435          8     8.75249     3647.39     0.950011     0.029235  -0.00571728  0.000581195 -0.000102934            0
      0.435      0.522          8     8.72919     3621.89      0.96434    0.0151542  -0.00254474   0.00140964 -0.000342166            0
      0.522      0.609          8     8.63725     3630.56     0.947841    0.0377548  -0.00730996 -0.000376921   0.00014896            0
      0.609      0.696          8      8.2489     3657.39      1.45823    -0.853269     0.554003    -0.151835    0.0149463            0
      0.696      0.783          8     8.92907     3117.75      1.02603   -0.0276218 -0.000173963   0.00527309  -0.00109416            0
      0.783      0.879          8     8.27448     3163.39      1.05224   -0.0608693   0.00830022    0.0081311  -0.00202128            0
      0.879      0.957          8     8.31001     3072.71      1.10241   -0.0962552    0.0117375    0.0109053  -0.00260887            0
      0.957      1.044          8     8.35368      2610.5      1.14469    -0.139125    0.0200852    0.0162709  -0.00420555            0
      1.044      1.131          8     8.18764     2206.17      1.05905   -0.0338269  0.000906853    0.0074332  -0.00194605            0
      1.131      1.218          8     8.02719     2040.29       1.1311   -0.0996546    0.0123451    0.0137224  -0.00368469            0
      1.218      1.305          8     7.91044     2206.98      1.09083   -0.0500498   0.00445848   0.00788901  -0.00221418            0
      1.305      1.392          8     8.12648     2083.71      1.05631   0.00203212   -0.0108654   0.00231226 -0.000205679            0
      1.392      1.479          8     7.88126     1541.11       1.1506    -0.121574    0.0116987     0.017593  -0.00449781            0
      1.479      1.566          8     8.16431     1723.53      1.02662   0.00857402  -0.00727213   0.00261371  -0.00070996            0
      1.566      1.653          8     8.23808     1070.22     0.969232    0.0595387   -0.0120091  -0.00156303  3.23598e-05            0
      1.653       1.74          8     8.20072     1043.28     0.971276    0.0674614   -0.0152928  -0.00264353   0.00066861            0
       1.74       1.83          8     9.03177     1031.27     0.869232     0.159522   -0.0187401   -0.0141855   0.00274339            0
       1.83       1.93          8     8.68563     1017.63     0.915061     0.129633   -0.0191937   -0.0107665   0.00220622            0
       1.93      2.043          8     8.46602      1031.7     0.888084     0.152203   -0.0216648   -0.0132167   0.00271945            0
      2.043      2.172          8     8.19435     771.247      1.03309   -0.0302182    0.0093612    0.0107129  -0.00389652            0
      2.172      2.322          8     8.32303     787.978     0.984138    0.0382683  -0.00520815  0.000112997 -0.000598664            0
      2.322        2.5          8     7.83125     562.226      1.19589    -0.199155     0.028938    0.0353168   -0.0104291            0
        2.5       2.65          8     7.63144      545.68      2.58464     -3.29578      2.58213    -0.876379     0.108208            0
       2.65      2.853          8     7.66997     394.144       1.2928    -0.263112    0.0371782     0.051412   -0.0158728            0
      2.853      2.964          8      6.9277     292.471      3.89169     -7.03524      6.50313      -2.5734     0.368396            0
      2.964      3.139          8      7.0587     336.712      1.09337     0.154133   -0.0608067   -0.0318576   0.00914709            0
      3.139      3.314          8     7.08308     292.103      1.22676   -0.0295916   -0.0507983  -0.00438512   0.00460186            0
      3.314      3.489          8     8.07081     215.569      1.23756    -0.178499    0.0073039    0.0403816   -0.0145225            0
      3.489      3.664          8     7.95048     226.166      1.03455    0.0439894   -0.0362984  -0.00901656   0.00296665            0
      3.664      3.839          8     8.09004     170.949     0.972314    0.0316468   -0.0191567  5.09034e-05  -0.00176367            0
      3.839      4.013          8      8.6435     129.212      1.12825    -0.209914    0.0158796     0.064541   -0.0231329            0
      4.013      4.191          8     8.19646     103.176      1.06222    -0.163356    0.0177027    0.0651012   -0.0243955            0
      4.191      4.363          8     7.56961     134.857      1.15973    -0.221173   0.00781173    0.0644453   -0.0193771            0
      4.363      4.538          8     7.32521     74.4332      1.30535    -0.381442    0.0126484     0.131652   -0.0398466            0
      4.538      4.716          8     6.52214     47.2571      1.23284    -0.127256    0.0117036    0.0906369   -0.0434461            0
      4.716      4.889          8       5.377     49.1006     0.674954      1.17118   -0.0402638    -0.345904    0.0303243            0
      4.889      5.191          8     4.90125     28.8241      1.85821    -0.407431   -0.0536799     0.221989   -0.0806511            0
