     -5.191     -4.889          8     6.24352     15.6907      1.00329     0.580764     0.216755   -0.0485633    -0.218474            0
     -4.889     -4.716          8     7.08102     20.2223      0.67366      0.60993     0.330422    0.0154959    -0.234291            0
     -4.716     -4.538          8     8.29708     43.5148     0.326938      1.14647  -0.00444438    -0.382157    0.0701078            0
     -4.538     -4.363          8     8.84519     57.0799     0.902194     0.205029   -0.0122841   -0.0335633  -0.00922753            0
     -4.363     -4.191          8     9.57381     75.4642     0.836684     0.186267  -0.00571189   -0.0242563  -0.00619169            0
     -4.191     -4.013          8     9.47972     72.0694     0.834766     0.178183  -0.00823992   -0.0235931  -0.00520299            0
     -4.013     -3.839          8     9.82191     98.9519      0.65411      0.43595   -0.0405827   -0.0995767    0.0188095            0
     -3.839     -3.664          8     9.42608     127.092     0.780407      0.32358   -0.0524111   -0.0709987    0.0146387            0
     -3.664     -3.489          8      9.1652     125.712     0.992838     0.124599   -0.0456619    -0.025309   0.00490565            0
     -3.489     -3.314          8     8.67839     163.409     0.868509     0.431627    -0.112893    -0.104871    0.0339901            0
     -3.314     -3.139          8     8.29313     149.136        1.113        0.185   -0.0936144   -0.0520187    0.0191128            0
     -3.139     -2.964          8     8.00222     224.339      1.17976     0.165454   -0.0924498   -0.0436334     0.016908            0
     -2.964     -2.853          8     8.20632     196.749      1.30037    -0.126323   -0.0186198    0.0350656  -0.00690441            0
     -2.853      -2.65          8      8.4845     289.718      1.50893    -0.500709    0.0504781     0.103744   -0.0296267            0
      -2.65       -2.5          8     8.71382      393.02       1.4867    -0.500081    0.0542565     0.091166   -0.0249714            0
       -2.5     -2.322          8     8.95043     397.558      1.35079    -0.376608    0.0455233    0.0717606   -0.0204493            0
     -2.322     -2.172          8     9.10131     409.119      1.12961    -0.137398     0.016774    0.0342078   -0.0103199            0
     -2.172     -2.043          8     9.32281     554.524      1.00333     0.012507  -0.00385689   0.00828156  -0.00291321            0
     -2.043      -1.93          8     9.30403     576.441     0.943809       0.1056   -0.0215743  -0.00880936   0.00239449            0
      -1.93      -1.83          8     9.24102     753.021     0.978281    0.0767675   -0.0169944   -0.0040219  0.000899612            0
      -1.83      -1.74          8      9.2204     768.404     0.957645     0.101907   -0.0204083  -0.00792755   0.00184091            0
      -1.74     -1.653          8      9.2622     775.698      1.04673  -0.00229893   -0.0117945   0.00748533  -0.00141099            0
     -1.653     -1.566          8     9.25768     997.107      1.07958   -0.0332949  -0.00829588   0.00981191  -0.00206561            0
     -1.566     -1.479          8     9.22326     1025.91      1.10462   -0.0690706  -0.00104411    0.0150503  -0.00374674            0
     -1.479     -1.392          8     9.15067     1008.14      1.10405   -0.0543679  -0.00922186    0.0122534  -0.00224743            0
     -1.392     -1.305          8     9.05703     1041.15       1.0027    0.0892479   -0.0353105  -0.00898923   0.00404368            0
     -1.305     -1.218          8     9.00102     1547.01      1.07202   -0.0254078  -0.00404348   0.00841202  -0.00218087            0
     -1.218     -1.131          8     9.24983     1503.23      1.05362  -0.00730654  -0.00749539    0.0061205  -0.00143856            0
     -1.131     -1.044          8     9.25053     1561.16       1.0695   -0.0364789  -0.00327191   0.00877613  -0.00191066            0
     -1.044     -0.957          8     9.28633     1633.65      1.04368   -0.0247093  -0.00394057   0.00801665  -0.00182222            0
     -0.957     -0.879          8     9.43668      2143.3       1.0561   -0.0457358 -0.000953761     0.009042  -0.00190774            0
     -0.879     -0.783          8     9.58607     2112.69      1.03025   -0.0283252  -0.00281793   0.00753893   -0.0015735            0
     -0.783     -0.696          8     9.57527      2207.8      1.05174   -0.0580008    0.0024908    0.0103662  -0.00228588            0
     -0.696     -0.609          8     9.70785     2630.41     0.992416  -0.00360015  -0.00359255   0.00473198  -0.00102709            0
     -0.609     -0.522          8     9.67507     2649.56     0.966628    0.0218584  -0.00632816   0.00192631 -0.000393302            0
     -0.522     -0.435          8     9.80078     2867.71     0.949935    0.0301082  -0.00566235   0.00096516 -0.000220221            0
     -0.435     -0.348          8     9.81163     3066.55      0.95137    0.0285064  -0.00536801   0.00131229  -0.00036328            0
     -0.348     -0.261          8      9.8048     3037.94     0.970474   0.00663483  -0.00125695   0.00334832 -0.000907508            0
     -0.261     -0.174          8      9.9201     3040.22     0.918963    0.0605423   -0.0106358  -0.00148965  0.000412585            0
     -0.174     -0.087          8     9.79215     3023.04      0.92742     0.042619  -0.00516771  0.000122632 -0.000184178            0
     -0.087          0          8      9.9425     3042.36     0.923295    0.0449625  -0.00507037  0.000339338 -0.000299267            0
          0      0.087          8     9.82722     3050.13     0.940248     0.028638  -0.00334115    0.0017009 -0.000569646            0
      0.087      0.174          8     9.85282     3046.11     0.970872  -0.00245418   0.00202795   0.00445454  -0.00130604            0
      0.174      0.261          8     9.82322     3048.14     0.940623    0.0292932  -0.00427513   0.00135469 -0.000365673            0
      0.261      0.348          8      9.8929     3064.81     0.939982    0.0399381  -0.00788243  0.000145756  4.73565e-05            0
      0.348      0.435          8     9.82523     3042.21     0.943471    0.0376326  -0.00751952  0.000356004 -3.84949e-05            0
      0.435      0.522          8     9.70395     2627.99      0.99339  -0.00940262  -0.00113247   0.00463613  -0.00101795            0
      0.522      0.609          8      9.5943     2606.46      1.00224   -0.0134249  -0.00163495   0.00506284  -0.00105709            0
      0.609      0.696          8     9.62372     2731.85      1.01923    -0.028747  0.000257144   0.00658978  -0.00143713            0
      0.696      0.783          8     9.64891     2179.63      1.00686   -0.0104317  -0.00435738   0.00571944  -0.00120258            0
      0.783      0.879          8     9.42649     2191.52      1.03673   -0.0402248   0.00156387   0.00880114  -0.00211126            0
      0.879      0.957          8     9.44501     2158.19      1.08028   -0.0821327    0.0107765    0.0132374   -0.0035997            0
      0.957      1.044          8     9.34822     1616.42      1.06567   -0.0449308  -0.00252628      0.01026  -0.00223019            0
      1.044      1.131          8     9.24603     1613.15      1.04288  -0.00213567  -0.00978254    0.0053564  -0.00104332            0
      1.131      1.218          8     9.23188     1345.79      1.04559    0.0130799   -0.0133741   0.00309508  -0.00039883            0
      1.218      1.305          8     9.09701     1073.68      1.09624   -0.0359848  -0.00833193    0.0104992   -0.0022177            0
      1.305      1.392          8     9.10075     1058.95     0.977668      0.11345   -0.0356317   -0.0113194    0.0040562            0
      1.392      1.479          8     9.08264     1037.37     0.672247     0.885339    -0.720172     0.237954    -0.027626            0
      1.479      1.566          8     9.23933     1026.51      1.12181   -0.0803071 -0.000962596    0.0158028  -0.00374471            0
      1.566      1.653          8     9.31418     1068.91      1.14977    -0.106688   0.00169889    0.0194611  -0.00460208            0
      1.653       1.74          8     9.11688     783.975      1.08002   -0.0321627    -0.010204    0.0120759  -0.00242943            0
       1.74       1.83          8     9.30078     761.905      1.05893   -0.0202696  -0.00227328    0.0108375  -0.00330157            0
       1.83       1.93          8     9.18352      734.46      1.01197    0.0443606   -0.0142945  0.000982202 -0.000398756            0
       1.93      2.043          8     9.20554     573.217     0.996196    0.0403721  -0.00807598   0.00277336  -0.00147801            0
      2.043      2.172          8     9.32564     568.015      1.00187     0.026639  -0.00858624   0.00515509   -0.0017944            0
      2.172      2.322          8     9.05846     558.935      1.11776    -0.106087    0.0099777    0.0239812  -0.00678599            0
      2.322        2.5          8     8.80408     408.472      1.36397    -0.382184    0.0448689    0.0724837   -0.0205452            0
        2.5       2.65          8     8.77744     361.469       1.4602    -0.462316     0.051316    0.0851962   -0.0240023            0
       2.65      2.853          8     8.62364     378.742      1.36583    -0.312895    0.0271205    0.0603512   -0.0168323            0
      2.853      2.964          8     8.19769     259.236      1.25307     -0.11242    0.0104037    0.0315886   -0.0117125            0
      2.964      3.139          8     8.11122      216.84      1.18804      0.14793   -0.0880428   -0.0396218    0.0148262            0
      3.139      3.314          8     8.29985     194.767      1.19601    0.0723996   -0.0753453   -0.0251255   0.00982793            0
      3.314      3.489          8     8.65958     152.594       1.1062    0.0930173   -0.0659927    -0.025203    0.0105509            0
      3.489      3.664          8     9.22463     126.201      0.78758     0.373245   -0.0561692   -0.0827262    0.0168379            0
      3.664      3.839          8     9.54305     105.335     0.919618     0.135826   -0.0367971   -0.0247342   0.00438794            0
      3.839      4.013          8     9.53299     79.9088     0.858219     0.170108   -0.0164196   -0.0250663  -0.00263402            0
      4.013      4.191          8     9.52272     79.2565     0.892961      0.14365   -0.0348003   -0.0264598   0.00509472            0
      4.191      4.363          8     9.42311     68.3005     0.878612     0.177406   -0.0169273    -0.028742  -0.00623084            0
      4.363      4.538          8     8.83278     62.4341     0.882469      0.21717  -0.00312219   -0.0322666   -0.0128067            0
      4.538      4.716          8     8.17644     37.8423     0.190001      1.39913  -0.00597457    -0.507574    0.0948805            0
      4.716      4.889          8      7.1677     25.0989    -0.375257      2.40264     0.200176      -1.0576     0.209155            0
      4.889      5.191          8     6.07332     17.3845       1.4263     0.188289    -0.259406    -0.150847     0.208209            0
